#start 1300.000000 stop 1330.000000 averages NO resolution FULL
#
1299.997734	-62.582960
1300.007509	-99.259460
1300.017284	-66.396140
1300.027060	-65.567060
1300.036835	-97.254380
1300.046611	-100.006220
1300.056386	-100.006220
1300.066162	-100.006220
1300.075938	-69.347900
1300.085714	-74.842760
1300.095491	-95.143460
1300.105267	-71.920400
1300.115044	-90.398300
1300.124820	-100.006220
1300.134597	-73.757900
1300.144374	-70.688540
1300.154151	-67.810280
1300.163929	-86.238200
1300.173706	-80.846240
1300.183484	-64.837940
1300.193262	-83.504000
1300.203039	-100.006220
1300.212817	-82.081040
1300.222596	-65.816960
1300.232374	-82.083980
1300.242153	-100.006220
1300.251931	-100.006220
1300.261710	-100.006220
1300.271489	-87.131960
1300.281268	-70.759100
1300.291047	-85.932440
1300.300827	-88.610780
1300.310606	-73.907840
1300.320386	-100.006220
1300.330166	-90.615860
1300.339946	-63.170960
1300.349726	-72.599540
1300.359506	-93.444140
1300.369286	-69.380240
1300.379067	-96.772220
1300.388848	-79.679060
1300.398628	-96.878060
1300.408409	-67.686800
1300.418191	-98.515640
1300.427972	-62.803460
1300.437753	-65.864000
1300.447535	-99.318260
1300.457317	-100.006220
1300.467098	-100.006220
1300.476881	-100.006220
1300.486663	-100.006220
1300.496445	-69.541940
1300.506227	-94.814180
1300.516010	-67.389860
1300.525793	-92.538620
1300.535576	-70.603280
1300.545359	-69.503720
1300.555142	-67.272260
1300.564925	-67.725020
1300.574709	-64.714460
1300.584492	-88.196240
1300.594276	-80.408180
1300.604060	-66.249140
1300.613844	-74.416460
1300.623629	-92.253440
1300.633413	-83.010080
1300.643197	-86.820320
1300.652982	-81.819380
1300.662767	-82.848380
1300.672552	-100.006220
1300.682337	-85.376780
1300.692122	-82.574960
1300.701908	-84.371300
1300.711693	-77.671040
1300.721479	-100.006220
1300.731265	-86.585120
1300.741051	-75.398420
1300.750837	-89.386940
1300.760623	-75.686540
1300.770410	-91.671320
1300.780196	-69.392000
1300.789983	-77.027180
1300.799770	-93.197180
1300.809557	-72.426080
1300.819344	-93.776360
1300.829131	-68.483540
1300.838919	-100.006220
1300.848707	-100.006220
1300.858494	-96.975080
1300.868282	-62.259560
1300.878070	-64.840880
1300.887858	-67.607420
1300.897647	-63.226820
1300.907435	-98.903720
1300.917224	-100.006220
1300.927013	-72.240860
1300.936802	-60.586700
1300.946591	-95.566820
1300.956380	-68.651120
1300.966169	-62.136080
1300.975959	-64.423400
1300.985749	-63.450260
1300.995539	-91.885940
1301.005328	-100.006220
1301.015119	-70.159340
1301.024909	-88.713680
1301.034699	-75.001520
1301.044490	-65.843420
1301.054281	-88.640180
1301.064071	-79.831940
1301.073862	-87.711140
1301.083654	-77.180060
1301.093445	-69.750680
1301.103236	-88.928300
1301.113028	-80.228840
1301.122820	-81.722360
1301.132612	-83.115920
1301.142404	-70.976660
1301.152196	-71.996840
1301.161988	-80.478740
1301.171781	-100.006220
1301.181573	-86.138240
1301.191366	-65.755220
1301.201159	-69.700700
1301.210952	-79.558520
1301.220745	-100.006220
1301.230539	-90.183680
1301.240332	-74.942720
1301.250126	-90.933380
1301.259920	-70.518020
1301.269714	-100.006220
1301.279508	-93.338300
1301.289302	-63.262100
1301.299096	-69.733040
1301.308891	-95.769680
1301.318686	-68.227760
1301.328480	-96.925100
1301.338275	-63.811880
1301.348071	-98.439200
1301.357866	-61.589240
1301.367661	-99.615200
1301.377457	-64.129400
1301.387253	-98.527400
1301.397048	-100.006220
1301.406844	-100.006220
1301.416641	-68.348300
1301.426437	-95.434520
1301.436233	-68.092520
1301.446030	-66.660740
1301.455827	-93.823400
1301.465624	-80.514020
1301.475421	-77.350580
1301.485218	-94.493720
1301.495015	-74.584040
1301.504813	-64.899680
1301.514610	-89.087060
1301.524408	-84.674120
1301.534206	-70.350440
1301.544004	-67.974920
1301.553802	-87.805220
1301.563601	-79.773140
1301.573399	-67.007660
1301.583198	-85.597280
1301.592997	-100.006220
1301.602796	-85.911860
1301.612595	-85.911860
1301.622394	-81.272540
1301.632194	-78.085580
1301.641993	-100.006220
1301.651793	-85.315040
1301.661593	-67.178180
1301.671393	-69.236180
1301.681193	-64.617440
1301.690993	-76.142240
1301.700794	-88.787180
1301.710594	-64.599800
1301.720395	-75.554240
1301.730196	-100.006220
1301.739997	-92.365160
1301.749798	-66.872420
1301.759599	-73.449200
1301.769401	-100.006220
1301.779203	-100.006220
1301.789004	-96.392960
1301.798806	-72.723020
1301.808608	-76.080500
1301.818410	-67.880840
1301.828213	-65.599400
1301.838015	-100.006220
1301.847818	-99.656360
1301.857621	-65.378900
1301.867424	-98.956640
1301.877227	-100.006220
1301.887030	-67.360460
1301.896834	-61.815620
1301.906637	-96.157760
1301.916441	-67.260500
1301.926245	-94.737740
1301.936049	-100.006220
1301.945853	-72.043880
1301.955657	-65.816960
1301.965461	-79.508540
1301.975266	-96.063680
1301.985071	-71.935100
1301.994876	-89.004740
1302.004681	-74.457620
1302.014486	-68.298320
1302.024291	-89.992580
1302.034097	-100.006220
1302.043902	-100.006220
1302.053708	-85.726640
1302.063514	-71.985080
1302.073320	-73.311020
1302.083126	-89.310500
1302.092933	-83.239400
1302.102739	-67.830860
1302.112546	-76.251020
1302.122352	-80.719820
1302.132159	-68.915720
1302.141966	-78.000320
1302.151774	-100.006220
1302.161581	-85.632560
1302.171389	-76.786100
1302.181196	-88.678400
1302.191004	-69.106820
1302.200812	-71.402960
1302.210620	-69.633080
1302.220429	-68.407100
1302.230237	-75.360200
1302.240046	-90.883400
1302.249854	-62.976920
1302.259663	-71.694020
1302.269472	-67.730900
1302.279281	-66.613700
1302.289091	-95.752040
1302.298900	-73.261040
1302.308710	-97.222040
1302.318519	-71.635220
1302.328329	-67.607420
1302.338139	-98.221640
1302.347950	-64.308740
1302.357760	-65.334800
1302.367570	-60.175100
1302.377381	-98.809640
1302.387192	-100.006220
1302.397003	-100.006220
1302.406814	-67.827920
1302.416625	-68.251280
1302.426436	-66.740120
1302.436248	-62.050820
1302.446060	-93.808700
1302.455871	-100.006220
1302.465683	-76.315700
1302.475495	-93.491180
1302.485308	-100.006220
1302.495120	-74.972120
1302.504933	-65.658200
1302.514745	-68.186600
1302.524558	-66.075680
1302.534371	-88.322660
1302.544184	-75.098540
1302.553998	-63.706040
1302.563811	-86.311700
1302.573625	-78.767660
1302.583438	-72.999380
1302.593252	-90.783440
1302.603066	-80.558120
1302.612881	-63.982400
1302.622695	-81.989900
1302.632509	-81.919340
1302.642324	-80.034800
1302.652139	-83.733320
1302.661954	-78.923480
1302.671769	-100.006220
1302.681584	-88.619600
1302.691399	-81.613580
1302.701215	-91.333220
1302.711031	-72.043880
1302.720846	-76.595000
1302.730662	-89.525120
1302.740478	-73.981340
1302.750295	-90.339500
1302.760111	-71.746940
1302.769928	-91.515500
1302.779744	-69.130340
1302.789561	-93.373580
1302.799378	-65.320100
1302.809195	-66.504920
1302.819013	-71.197160
1302.828830	-96.257720
1302.838648	-68.233640
1302.848465	-65.843420
1302.858283	-98.218700
1302.868101	-70.044680
1302.877920	-66.898880
1302.887738	-99.644600
1302.897556	-64.555700
1302.907375	-98.921360
1302.917194	-67.501580
1302.927013	-63.494360
1302.936832	-73.872560
1302.946651	-97.233800
1302.956470	-70.676780
1302.966290	-65.943380
1302.976109	-71.976260
1302.985929	-68.651120
1302.995749	-75.901160
1303.005569	-71.544080
1303.015390	-72.273200
1303.025210	-71.779280
1303.035030	-71.164820
1303.044851	-70.124060
1303.054672	-90.627620
1303.064493	-77.820980
1303.074314	-71.661680
1303.084135	-90.595280
1303.093957	-81.113780
1303.103778	-88.310900
1303.113600	-78.388400
1303.123422	-84.250760
1303.133244	-80.984420
1303.143066	-84.094940
1303.152889	-100.006220
1303.162711	-80.937380
1303.172534	-80.175920
1303.182356	-81.072620
1303.192179	-68.242460
1303.202002	-75.486620
1303.211826	-72.552500
1303.221649	-70.767920
1303.231473	-78.447200
1303.241296	-100.006220
1303.251120	-87.281900
1303.260944	-74.928020
1303.270768	-89.166440
1303.280592	-74.351780
1303.290417	-92.082920
1303.300241	-70.415120
1303.310066	-69.368480
1303.319891	-75.316100
1303.329716	-100.006220
1303.339541	-95.799080
1303.349366	-80.605160
1303.359192	-94.214420
1303.369017	-61.621580
1303.378843	-67.245800
1303.388669	-96.492920
1303.398495	-67.689740
1303.408321	-97.933520
1303.418147	-65.487680
1303.427974	-66.158000
1303.437800	-69.233240
1303.447627	-67.360460
1303.457454	-99.353540
1303.467281	-72.576020
1303.477108	-65.969840
1303.486936	-62.765240
1303.496763	-96.631100
1303.506591	-65.190740
1303.516419	-94.920020
1303.526247	-100.006220
1303.536075	-68.036660
1303.545903	-93.156020
1303.555731	-100.006220
1303.565560	-73.681460
1303.575389	-70.917860
1303.585217	-93.050180
1303.595046	-72.967040
1303.604876	-89.775020
1303.614705	-77.221220
1303.624534	-65.693480
1303.634364	-65.446520
1303.644194	-88.011020
1303.654024	-100.006220
1303.663854	-75.457220
1303.673684	-84.168440
1303.683514	-83.559860
1303.693345	-67.595660
1303.703175	-84.044960
1303.713006	-85.065140
1303.722837	-86.473400
1303.732668	-85.559060
1303.742499	-66.601940
1303.752330	-80.049500
1303.762162	-86.955560
1303.771994	-68.224820
1303.781825	-64.611560
1303.791657	-64.646840
1303.801490	-66.942980
1303.811322	-79.702580
1303.821154	-86.564540
1303.830987	-73.516820
1303.840819	-90.354200
1303.850652	-77.900360
1303.860485	-100.006220
1303.870318	-90.571760
1303.880152	-64.676240
1303.889985	-68.404160
1303.899819	-69.524300
1303.909652	-65.158400
1303.919486	-71.355920
1303.929320	-94.032140
1303.939155	-68.260100
1303.948989	-100.006220
1303.958823	-95.969600
1303.968658	-63.362060
1303.978493	-66.754820
1303.988328	-97.777700
1303.998163	-63.303260
1304.007998	-72.232040
1304.017833	-99.609320
1304.027669	-60.154520
1304.037504	-99.209480
1304.047340	-69.253820
1304.057176	-66.031580
1304.067012	-97.621880
1304.076849	-100.006220
1304.086685	-69.841820
1304.096522	-67.463360
1304.106358	-95.799080
1304.116195	-71.605820
1304.126032	-94.326140
1304.135869	-68.227760
1304.145707	-66.998840
1304.155544	-67.660340
1304.165382	-92.518040
1304.175219	-100.006220
1304.185057	-100.006220
1304.194895	-79.564400
1304.204733	-91.489040
1304.214572	-73.231640
1304.224410	-87.199580
1304.234249	-77.224160
1304.244088	-87.387740
1304.253927	-100.006220
1304.263766	-84.280160
1304.273605	-68.871620
1304.283444	-85.018100
1304.293284	-81.936980
1304.303123	-85.488500
1304.312963	-81.246080
1304.322803	-82.328000
1304.332643	-85.162160
1304.342484	-66.031580
1304.352324	-79.508540
1304.362165	-100.006220
1304.372005	-100.006220
1304.381846	-100.006220
1304.391687	-84.847580
1304.401528	-63.788360
1304.411370	-68.460020
1304.421211	-81.642980
1304.431053	-87.261320
1304.440894	-63.844220
1304.450736	-66.937100
1304.460578	-76.997780
1304.470421	-89.381060
1304.480263	-70.885520
1304.490105	-92.547440
1304.499948	-75.762980
1304.509791	-92.256380
1304.519634	-63.688400
1304.529477	-66.563720
1304.539320	-73.925480
1304.549164	-95.546240
1304.559007	-70.118180
1304.568851	-82.095740
1304.578695	-75.592460
1304.588539	-100.006220
1304.598383	-100.006220
1304.608227	-98.403920
1304.618071	-68.030780
1304.627916	-70.118180
1304.637761	-100.006220
1304.647606	-64.726220
1304.657451	-99.294740
1304.667296	-69.815360
1304.677141	-98.433320
1304.686986	-100.006220
1304.696832	-100.006220
1304.706678	-100.006220
1304.716524	-100.006220
1304.726370	-100.006220
1304.736216	-67.566260
1304.746062	-93.517640
1304.755909	-76.392140
1304.765756	-69.468440
1304.775602	-93.508820
1304.785449	-74.736920
1304.795296	-92.229920
1304.805144	-100.006220
1304.814991	-100.006220
1304.824839	-72.714200
1304.834686	-65.890460
1304.844534	-66.443180
1304.854382	-88.737200
1304.864230	-100.006220
1304.874079	-100.006220
1304.883927	-79.599680
1304.893776	-67.451600
1304.903624	-87.076100
1304.913473	-81.025580
1304.923322	-65.858120
1304.933171	-83.786240
1304.943021	-87.026120
1304.952870	-69.868280
1304.962720	-82.330940
1304.972570	-100.006220
1304.982419	-83.912660
1304.992270	-68.953940
1305.002120	-70.276940
1305.011970	-66.078620
1305.021821	-78.403100
1305.031671	-87.273080
1305.041522	-68.001380
1305.051373	-67.066460
1305.061224	-66.178580
1305.071075	-77.618120
1305.080927	-100.006220
1305.090778	-92.415140
1305.100630	-74.381180
1305.110482	-70.985480
1305.120334	-68.345360
1305.130186	-74.107760
1305.140038	-100.006220
1305.149891	-93.064880
1305.159744	-66.222680
1305.169596	-64.152920
1305.179449	-73.161080
1305.189302	-94.790660
1305.199155	-67.569200
1305.209009	-69.800660
1305.218862	-76.824320
1305.228716	-66.369680
1305.238570	-92.035880
1305.248424	-100.006220
1305.258278	-100.006220
1305.268132	-98.656760
1305.277986	-67.260500
1305.287841	-100.006220
1305.297696	-100.006220
1305.307550	-63.403220
1305.317405	-98.897840
1305.327260	-100.006220
1305.337116	-65.393600
1305.346971	-97.060340
1305.356827	-78.923480
1305.366682	-70.244600
1305.376538	-96.348860
1305.386394	-84.521240
1305.396251	-66.013940
1305.406107	-80.255300
1305.415963	-71.282420
1305.425820	-67.513340
1305.435677	-64.055900
1305.445534	-92.291660
1305.455391	-75.877640
1305.465248	-63.529640
1305.475105	-68.148380
1305.484963	-91.700720
1305.494820	-74.686940
1305.504678	-66.607820
1305.514536	-66.698960
1305.524394	-88.869500
1305.534253	-76.759640
1305.544111	-87.131960
1305.553970	-77.691620
1305.563828	-69.406700
1305.573687	-69.268520
1305.583546	-86.523380
1305.593405	-100.006220
1305.603265	-78.770600
1305.613124	-82.942460
1305.622984	-100.006220
1305.632843	-82.942460
1305.642703	-83.598080
1305.652563	-86.026520
1305.662423	-67.971980
1305.672284	-80.575760
1305.682144	-86.614520
1305.692005	-67.683860
1305.701866	-79.458560
1305.711727	-100.006220
1305.721588	-85.106300
1305.731449	-75.936440
1305.741310	-91.224440
1305.751172	-74.313560
1305.761034	-81.110840
1305.770895	-89.122340
1305.780757	-66.410840
1305.790619	-66.402020
1305.800482	-64.061780
1305.810344	-73.560920
1305.820207	-100.006220
1305.830069	-92.097620
1305.839932	-66.055100
1305.849795	-70.400420
1305.859659	-100.006220
1305.869522	-100.006220
1305.879385	-100.006220
1305.889249	-97.383740
1305.899113	-79.964240
1305.908977	-68.930420
1305.918841	-95.966660
1305.928705	-66.960620
1305.938569	-96.998600
1305.948434	-68.912780
1305.958298	-97.760060
1305.968163	-64.417520
1305.978028	-100.006220
1305.987893	-99.453500
1305.997759	-72.293780
1306.007624	-99.729860
1306.017489	-71.405900
1306.027355	-98.839040
1306.037221	-100.006220
1306.047087	-65.637620
1306.056953	-65.455340
1306.066820	-96.913340
1306.076686	-71.088380
1306.086553	-68.974520
1306.096419	-95.993120
1306.106286	-73.011140
1306.116153	-94.925900
1306.126020	-100.006220
1306.135888	-71.661680
1306.145755	-73.302200
1306.155623	-70.294580
1306.165491	-74.342960
1306.175359	-66.922400
1306.185227	-91.427300
1306.195095	-75.898220
1306.204963	-62.609420
1306.214832	-88.646060
1306.224701	-100.006220
1306.234569	-78.408980
1306.244438	-65.728760
1306.254308	-70.462160
1306.264177	-90.783440
1306.274046	-77.726900
1306.283916	-86.567480
1306.293786	-76.871360
1306.303655	-84.456560
1306.313525	-100.006220
1306.323396	-100.006220
1306.333266	-78.782360
1306.343136	-64.685060
1306.353007	-70.814960
1306.362878	-74.254760
1306.372749	-67.763240
1306.382620	-62.965160
1306.392491	-81.463640
1306.402362	-87.293660
1306.412234	-70.559180
1306.422106	-81.872300
1306.431977	-84.506540
1306.441849	-78.741200
1306.451721	-89.757380
1306.461594	-70.503320
1306.471466	-77.953280
1306.481339	-87.452420
1306.491211	-77.953280
1306.501084	-100.006220
1306.510957	-87.570020
1306.520830	-63.244460
1306.530704	-68.374760
1306.540577	-82.639640
1306.550451	-92.759120
1306.560325	-72.431960
1306.570198	-77.759240
1306.580073	-100.006220
1306.589947	-91.506680
1306.599821	-70.812020
1306.609696	-92.864960
1306.619570	-65.079020
1306.629445	-67.625060
1306.639320	-64.837940
1306.649195	-70.379840
1306.659070	-68.351240
1306.668946	-70.570940
1306.678821	-100.006220
1306.688697	-97.939400
1306.698573	-77.803340
1306.708449	-64.996700
1306.718325	-97.721840
1306.728201	-62.324240
1306.738078	-71.188340
1306.747954	-98.821400
1306.757831	-61.277600
1306.767708	-100.006220
1306.777585	-61.695080
1306.787462	-99.233000
1306.797340	-64.876160
1306.807217	-74.254760
1306.817095	-73.778480
1306.826972	-98.165780
1306.836850	-69.053900
1306.846728	-96.642860
1306.856607	-74.625200
1306.866485	-65.096660
1306.876364	-63.182720
1306.886242	-94.458440
1306.896121	-100.006220
1306.906000	-100.006220
1306.915879	-100.006220
1306.925759	-72.993500
1306.935638	-92.914940
1306.945518	-100.006220
1306.955397	-100.006220
1306.965277	-70.553300
1306.975157	-90.318920
1306.985037	-72.949400
1306.994918	-67.113500
1307.004798	-90.939260
1307.014679	-100.006220
1307.024560	-77.691620
1307.034440	-65.337740
1307.044322	-87.846380
1307.054203	-77.482880
1307.064084	-87.184880
1307.073966	-80.131820
1307.083847	-88.019840
1307.093729	-77.982680
1307.103611	-84.956360
1307.113493	-81.249020
1307.123376	-65.793440
1307.133258	-84.330140
1307.143140	-100.006220
1307.153023	-100.006220
1307.162906	-100.006220
1307.172789	-82.627880
1307.182672	-64.314620
1307.192556	-81.328400
1307.202439	-86.273480
1307.212323	-84.230180
1307.222206	-82.992440
1307.232090	-78.832340
1307.241974	-100.006220
1307.251859	-100.006220
1307.261743	-86.026520
1307.271627	-64.123520
1307.281512	-76.856660
1307.291397	-100.006220
1307.301282	-89.107640
1307.311167	-68.377700
1307.321052	-66.146240
1307.330938	-67.013540
1307.340823	-67.710320
1307.350709	-69.265580
1307.360595	-78.685340
1307.370481	-89.345780
1307.380367	-72.211460
1307.390253	-92.400440
1307.400140	-69.294980
1307.410026	-64.508660
1307.419913	-71.861600
1307.429800	-92.909060
1307.439687	-72.964100
1307.449574	-93.867500
1307.459462	-72.043880
1307.469349	-100.006220
1307.479237	-95.246360
1307.489125	-72.714200
1307.499012	-100.006220
1307.508901	-100.006220
1307.518789	-100.006220
1307.528677	-96.634040
1307.538566	-62.703500
1307.548454	-67.245800
1307.558343	-100.006220
1307.568232	-98.059940
1307.578121	-62.612360
1307.588011	-100.006220
1307.597900	-100.006220
1307.607790	-99.626960
1307.617680	-62.003780
1307.627569	-99.626960
1307.637459	-100.006220
1307.647350	-100.006220
1307.657240	-70.071140
1307.667130	-71.964500
1307.677021	-98.057000
1307.686912	-67.092920
1307.696803	-96.786920
1307.706694	-64.346960
1307.716585	-95.649140
1307.726477	-100.006220
1307.736368	-66.775400
1307.746260	-68.754020
1307.756152	-95.187560
1307.766044	-69.533120
1307.775936	-93.476480
1307.785828	-68.477660
1307.795721	-92.221100
1307.805613	-75.798260
1307.815506	-93.264800
1307.825399	-100.006220
1307.835292	-71.658740
1307.845185	-63.112160
1307.855078	-62.694680
1307.864972	-89.880860
1307.874865	-100.006220
1307.884759	-76.789040
1307.894653	-64.887920
1307.904547	-88.848920
1307.914441	-100.006220
1307.924336	-77.191820
1307.934230	-88.255040
1307.944125	-77.359400
1307.954020	-86.914400
1307.963915	-79.052840
1307.973810	-67.207580
1307.983705	-87.140780
1307.993601	-100.006220
1308.003496	-80.484620
1308.013392	-85.532600
1308.023288	-83.909720
1308.033184	-78.182600
1308.043080	-76.189280
1308.052976	-67.760300
1308.062873	-83.845040
1308.072770	-84.306620
1308.082666	-84.306620
1308.092563	-100.006220
1308.102460	-83.233520
1308.112358	-65.634680
1308.122255	-67.592720
1308.132152	-67.525100
1308.142050	-80.352320
1308.151948	-84.212540
1308.161846	-64.835000
1308.171744	-80.249420
1308.181642	-84.612380
1308.191541	-76.148120
1308.201439	-100.006220
1308.211338	-89.945540
1308.221237	-69.874160
1308.231136	-76.515620
1308.241035	-89.516300
1308.250934	-66.984140
1308.260834	-75.774740
1308.270734	-88.616660
1308.280633	-63.059240
1308.290533	-75.545420
1308.300433	-100.006220
1308.310334	-91.765400
1308.320234	-67.254620
1308.330134	-72.840620
1308.340035	-93.799880
1308.349936	-73.196360
1308.359837	-72.346700
1308.369738	-73.828460
1308.379639	-100.006220
1308.389541	-100.006220
1308.399442	-100.006220
1308.409344	-93.955700
1308.419246	-67.860260
1308.429148	-96.622280
1308.439050	-75.518960
1308.448952	-67.460420
1308.458855	-100.006220
1308.468758	-97.269080
1308.478660	-75.371960
1308.488563	-96.898640
1308.498466	-62.036120
1308.508370	-74.190080
1308.518273	-98.859620
1308.528176	-76.574420
1308.538080	-66.990020
1308.547984	-64.385180
1308.557888	-99.215360
1308.567792	-60.489680
1308.577696	-64.523360
1308.587601	-99.650480
1308.597505	-69.377300
1308.607410	-99.068360
1308.617315	-64.767380
1308.627220	-65.308340
1308.637125	-97.930580
1308.647030	-100.006220
1308.656936	-100.006220
1308.666841	-63.850100
1308.676747	-71.990960
1308.686653	-97.051520
1308.696559	-73.934300
1308.706465	-96.489980
1308.716372	-71.673440
1308.726278	-95.446280
1308.736185	-67.874960
1308.746092	-93.885140
1308.755999	-100.006220
1308.765906	-68.812820
1308.775813	-92.779700
1308.785721	-70.885520
1308.795628	-67.819100
1308.805536	-93.147200
1308.815444	-70.229900
1308.825352	-90.845180
1308.835260	-100.006220
1308.845168	-100.006220
1308.855077	-75.416060
1308.864985	-91.033340
1308.874894	-77.400560
1308.884803	-90.901040
1308.894712	-74.669300
1308.904621	-72.152660
1308.914531	-68.310080
1308.924440	-67.040000
1308.934350	-89.166440
1308.944260	-100.006220
1308.954170	-88.640180
1308.964080	-93.611720
1308.973990	-78.006200
1308.983900	-86.735060
1308.993811	-100.006220
1309.003722	-77.303540
1309.013633	-84.491840
1309.023544	-100.006220
1309.033455	-78.370760
1309.043366	-83.592200
1309.053278	-81.707660
1309.063189	-66.310880
1309.073101	-84.124340
1309.083013	-83.601020
1309.092925	-65.073140
1309.102837	-81.090260
1309.112750	-84.747620
1309.122662	-84.747620
1309.132575	-83.950880
1309.142488	-82.965980
1309.152401	-84.156680
1309.162314	-81.795860
1309.172227	-100.006220
1309.182140	-100.006220
1309.192054	-100.006220
1309.201968	-83.063000
1309.211882	-76.609700
1309.221796	-84.753500
1309.231710	-77.685740
1309.241624	-100.006220
1309.251539	-89.263460
1309.261453	-82.651400
1309.271368	-88.931240
1309.281283	-80.849180
1309.291198	-89.439860
1309.301113	-68.898080
1309.311029	-77.973860
1309.320944	-100.006220
1309.330860	-87.890480
1309.340776	-73.505060
1309.350692	-88.604900
1309.360608	-73.019960
1309.370524	-100.006220
1309.380440	-100.006220
1309.390357	-90.798140
1309.400274	-69.694820
1309.410191	-77.841560
1309.420108	-68.998040
1309.430025	-74.025440
1309.439942	-92.406320
1309.449860	-67.319300
1309.459777	-75.254360
1309.469695	-100.006220
1309.479613	-93.208940
1309.489531	-64.705640
1309.499449	-72.822980
1309.509368	-94.096820
1309.519286	-63.491420
1309.529205	-65.637620
1309.539124	-65.070200
1309.549043	-66.346160
1309.558962	-70.250480
1309.568881	-75.551300
1309.578800	-73.169900
1309.588720	-96.084260
1309.598640	-64.302860
1309.608560	-97.786520
1309.618480	-74.919200
1309.628400	-70.224020
1309.638320	-73.363940
1309.648241	-100.006220
1309.658161	-98.289260
1309.668082	-65.505320
1309.678003	-62.512400
1309.687924	-100.006220
1309.697845	-99.697520
1309.707767	-69.109760
1309.717688	-63.106280
1309.727610	-69.968240
1309.737532	-99.406460
1309.747454	-65.796380
1309.757376	-65.602340
1309.767298	-68.612900
1309.777221	-98.756720
1309.787143	-66.302060
1309.797066	-97.854140
1309.806989	-70.344560
1309.816912	-97.427840
1309.826835	-65.373020
1309.836758	-70.691480
1309.846682	-97.169120
1309.856606	-71.876300
1309.866529	-63.820700
1309.876453	-66.096260
1309.886377	-95.649140
1309.896302	-100.006220
1309.906226	-100.006220
1309.916151	-100.006220
1309.926075	-71.611700
1309.936000	-94.258520
1309.945925	-69.186200
1309.955850	-62.127260
1309.965776	-92.797340
1309.975701	-73.675580
1309.985627	-64.870280
1309.995552	-92.503340
1310.005478	-100.006220
1310.015404	-75.242600
1310.025330	-69.780080
1310.035257	-68.651120
1310.045183	-67.916120
1310.055110	-64.102940
1310.065037	-65.499440
1310.074964	-90.962780
1310.084891	-100.006220
1310.094818	-76.409780
1310.104745	-90.368900
1310.114673	-81.481280
1310.124601	-73.802000
1310.134529	-91.971200
1310.144457	-81.072620
1310.154385	-76.671440
1310.164313	-71.526440
1310.174241	-68.083700
1310.184170	-68.207180
1310.194099	-88.534340
1310.204028	-78.317840
1310.213957	-66.966500
1310.223886	-87.761120
1310.233815	-77.629880
1310.243745	-64.332260
1310.253674	-65.819900
1310.263604	-86.220560
1310.273534	-85.276820
1310.283464	-67.495700
1310.293395	-67.381040
1310.303325	-87.326000
1310.313256	-84.909320
1310.323186	-87.875780
1310.333117	-81.390140
1310.343048	-84.147860
1310.352979	-92.288720
1310.362911	-93.017840
1310.372842	-80.023040
1310.382774	-81.178460
1310.392705	-81.490100
1310.402637	-63.203300
1310.412569	-63.891260
1310.422502	-81.484220
1310.432434	-100.006220
1310.442367	-83.389340
1310.452299	-69.397880
1310.462232	-86.973200
1310.472165	-84.533000
1310.482098	-67.669160
1310.492031	-83.915600
1310.501965	-83.774480
1310.511898	-62.538860
1310.521832	-78.864680
1310.531766	-87.963980
1310.541700	-68.592320
1310.551634	-78.976400
1310.561569	-87.155480
1310.571503	-65.984540
1310.581438	-65.428880
1310.591372	-79.502660
1310.601307	-88.163900
1310.611242	-69.859460
1310.621178	-83.733320
1310.631113	-88.172720
1310.641049	-76.683200
1310.650984	-87.714080
1310.660920	-74.675180
1310.670856	-87.866960
1310.680792	-65.343620
1310.690728	-72.093860
1310.700665	-69.700700
1310.710601	-65.484740
1310.720538	-72.287900
1310.730475	-100.006220
1310.740412	-90.136640
1310.750349	-64.923200
1310.760287	-74.392940
1310.770224	-100.006220
1310.780162	-100.006220
1310.790100	-90.939260
1310.800038	-62.721140
1310.809976	-72.578960
1310.819914	-93.088400
1310.829852	-75.160280
1310.839791	-92.329880
1310.849729	-64.496900
1310.859668	-74.731040
1310.869607	-93.838100
1310.879546	-73.381580
1310.889486	-100.006220
1310.899425	-93.508820
1310.909365	-64.208780
1310.919305	-80.602220
1310.929244	-97.010360
1310.939184	-78.423680
1310.949125	-63.512000
1310.959065	-75.657140
1310.969006	-96.419420
1310.978946	-72.564260
1310.988887	-74.507600
1310.998828	-83.739200
1311.008769	-100.006220
1311.018710	-96.651680
1311.028652	-69.486080
1311.038593	-100.006220
1311.048535	-100.006220
1311.058477	-97.360220
1311.068419	-69.574280
1311.078361	-97.707140
1311.088303	-64.002980
1311.098246	-100.006220
1311.108188	-98.151080
1311.118131	-64.367540
1311.128074	-98.839040
1311.138017	-61.321700
1311.147960	-70.817900
1311.157904	-100.006220
1311.167847	-99.624020
1311.177791	-61.874420
1311.187735	-65.287760
1311.197679	-100.006220
1311.207623	-100.006220
1311.217567	-62.165480
1311.227512	-99.233000
1311.237456	-75.301400
1311.247401	-68.271860
1311.257346	-99.047780
1311.267291	-70.967840
1311.277236	-68.924540
1311.287181	-98.450960
1311.297127	-100.006220
1311.307072	-68.609960
1311.317018	-64.614500
1311.326964	-63.453200
1311.336910	-97.075040
1311.346856	-100.006220
1311.356803	-100.006220
1311.366749	-71.652860
1311.376696	-96.889820
1311.386643	-69.812420
1311.396590	-96.275360
1311.406537	-68.774600
1311.416484	-64.302860
1311.426432	-81.351920
1311.436379	-97.883540
1311.446327	-73.214000
1311.456275	-95.646200
1311.466223	-70.700300
1311.476171	-69.056840
1311.486119	-65.305400
1311.496068	-94.320260
1311.506017	-72.290840
1311.515965	-70.124060
1311.525914	-94.767140
1311.535863	-68.142500
1311.545813	-92.623880
1311.555762	-70.268120
1311.565712	-67.201700
1311.575661	-69.230300
1311.585611	-68.548220
1311.595561	-93.029600
1311.605511	-74.539940
1311.615462	-92.823800
1311.625412	-100.006220
1311.635363	-100.006220
1311.645314	-100.006220
1311.655264	-71.156000
1311.665216	-90.389480
1311.675167	-100.006220
1311.685118	-76.292180
1311.695070	-91.674260
1311.705021	-100.006220
1311.714973	-72.314360
1311.724925	-67.454540
1311.734877	-91.174460
1311.744829	-100.006220
1311.754782	-100.006220
1311.764734	-100.006220
1311.774687	-100.006220
1311.784640	-100.006220
1311.794593	-100.006220
1311.804546	-75.360200
1311.814500	-66.984140
1311.824453	-89.528060
1311.834407	-100.006220
1311.844360	-100.006220
1311.854314	-79.920140
1311.864268	-89.657420
1311.874223	-80.034800
1311.884177	-89.251700
1311.894132	-77.738660
1311.904086	-69.874160
1311.914041	-67.395740
1311.923996	-86.896760
1311.933951	-78.653000
1311.943907	-66.590180
1311.953862	-87.217220
1311.963818	-79.029320
1311.973773	-66.096260
1311.983729	-86.564540
1311.993685	-77.838620
1312.003642	-66.193280
1312.013598	-86.999660
1312.023554	-100.006220
1312.033511	-78.070880
1312.043468	-64.543940
1312.053425	-85.523780
1312.063382	-100.006220
1312.073339	-100.006220
1312.083297	-83.036540
1312.093254	-86.370500
1312.103212	-81.046160
1312.113170	-84.491840
1312.123128	-80.205320
1312.133086	-83.139440
1312.143044	-92.644460
1312.153003	-75.433700
1312.162961	-66.281480
1312.172920	-66.075680
1312.182879	-64.937900
1312.192838	-82.942460
1312.202797	-100.006220
1312.212757	-83.945000
1312.222716	-83.945000
1312.232676	-82.163360
1312.242636	-67.636820
1312.252596	-85.644320
1312.262556	-100.006220
1312.272516	-85.764860
1312.282476	-69.562520
1312.292437	-71.555840
1312.302398	-86.620400
1312.312359	-82.868960
1312.322320	-79.887800
1312.332281	-84.506540
1312.342242	-67.466300
1312.352204	-67.098800
1312.362165	-64.711520
1312.372127	-80.096540
1312.382089	-83.877380
1312.392051	-79.479140
1312.402013	-84.727040
1312.411976	-65.717000
1312.421938	-71.923340
1312.431901	-74.989760
1312.441864	-83.110040
1312.451827	-85.538480
1312.461790	-62.885780
1312.471753	-76.550900
1312.481717	-100.006220
1312.491680	-100.006220
1312.501644	-85.435580
1312.511608	-77.788640
1312.521572	-100.006220
1312.531536	-86.946740
1312.541501	-66.028640
1312.551465	-78.447200
1312.561430	-100.006220
1312.571395	-86.982020
1312.581360	-77.829800
1312.591325	-88.390280
1312.601290	-66.331460
1312.611256	-76.856660
1312.621221	-87.252500
1312.631187	-64.055900
1312.641153	-64.373420
1312.651119	-75.757100
1312.661085	-94.070360
1312.671051	-76.165760
1312.681018	-64.446920
1312.690984	-77.870960
1312.700951	-89.181140
1312.710918	-77.003660
1312.720885	-87.958100
1312.730852	-64.020620
1312.740820	-77.732780
1312.750787	-88.134500
1312.760755	-73.202240
1312.770723	-90.101360
1312.780691	-76.565600
1312.790659	-100.006220
1312.800627	-91.512560
1312.810596	-68.286560
1312.820564	-73.255160
1312.830533	-89.187020
1312.840502	-73.146380
1312.850471	-89.930840
1312.860440	-74.096000
1312.870410	-90.057260
1312.880379	-63.767780
1312.890349	-74.763380
1312.900319	-90.180740
1312.910289	-63.347360
1312.920259	-74.919200
1312.930229	-93.244220
1312.940199	-70.200500
1312.950170	-71.064860
1312.960141	-100.006220
1312.970112	-91.365560
1312.980083	-72.643640
1312.990054	-92.638580
1313.000025	-76.671440
1313.009997	-91.250900
1313.019968	-70.694420
1313.029940	-100.006220
1313.039912	-92.459240
1313.049884	-66.528440
1313.059856	-69.688940
1313.069829	-68.921600
1313.079801	-70.941380
1313.089774	-92.565080
1313.099747	-63.823640
1313.109720	-68.774600
1313.119693	-77.500520
1313.129666	-93.796940
1313.139640	-69.283220
1313.149613	-69.371420
1313.159587	-70.906100
1313.169561	-100.006220
1313.179535	-100.006220
1313.189509	-100.006220
1313.199483	-93.623480
1313.209458	-70.923740
1313.219433	-93.552920
1313.229407	-70.247540
1313.239382	-94.487840
1313.249357	-73.061120
1313.259333	-100.006220
1313.269308	-100.006220
1313.279284	-94.417280
1313.289259	-68.333600
1313.299235	-93.649940
1313.309211	-66.234440
1313.319187	-94.805360
1313.329164	-67.060580
1313.339140	-80.073020
1313.349117	-95.508020
1313.359094	-67.319300
1313.369071	-68.924540
1313.379048	-100.006220
1313.389025	-95.008220
1313.399002	-66.549020
1313.408980	-100.006220
1313.418958	-96.272420
1313.428935	-72.628940
1313.438913	-95.907860
1313.448892	-69.938840
1313.458870	-95.540360
1313.468848	-63.015140
1313.478827	-65.790500
1313.488806	-73.969580
1313.498785	-63.841280
1313.508764	-71.970380
1313.518743	-100.006220
1313.528722	-96.043100
1313.538702	-64.335200
1313.548681	-96.528200
1313.558661	-64.790900
1313.568641	-64.105880
1313.578621	-100.006220
1313.588602	-100.006220
1313.598582	-96.783980
1313.608563	-67.410440
1313.618543	-97.133840
1313.628524	-64.408700
1313.638505	-68.386520
1313.648486	-73.140500
1313.658468	-68.048420
1313.668449	-97.451360
1313.678431	-66.066860
1313.688413	-100.006220
1313.698394	-100.006220
1313.708377	-97.986440
1313.718359	-70.891400
1313.728341	-67.298720
1313.738324	-67.354580
1313.748306	-97.907060
1313.758289	-65.017280
1313.768272	-67.536860
1313.778255	-100.006220
1313.788239	-100.006220
1313.798222	-98.295140
1313.808206	-66.043340
1313.818190	-71.226560
1313.828173	-67.924940
1313.838158	-98.500940
1313.848142	-62.688800
1313.858126	-70.970780
1313.868111	-98.730260
1313.878095	-69.377300
1313.888080	-99.012500
1313.898065	-66.954740
1313.908050	-70.820840
1313.918035	-100.006220
1313.928021	-99.080120
1313.938006	-69.033320
1313.947992	-66.807740
1313.957978	-100.006220
1313.967964	-100.006220
1313.977950	-99.306500
1313.987937	-66.043340
1313.997923	-99.353540
1314.007910	-67.319300
1314.017897	-69.959420
1314.027884	-99.644600
1314.037871	-63.873620
1314.047858	-72.437840
1314.057845	-63.062180
1314.067833	-100.006220
1314.077821	-99.297680
1314.087808	-64.626260
1314.097796	-70.491560
1314.107785	-100.006220
1314.117773	-71.667560
1314.127761	-71.476460
1314.137750	-100.006220
1314.147739	-65.511200
1314.157728	-66.863600
1314.167717	-68.412980
1314.177706	-72.023300
1314.187695	-100.006220
1314.197685	-100.006220
1314.207674	-66.763640
1314.217664	-64.379300
1314.227654	-63.312080
1314.237644	-100.006220
1314.247635	-61.562780
1314.257625	-67.813220
1314.267616	-99.685760
1314.277606	-67.040000
1314.287597	-66.734240
1314.297588	-99.674000
1314.307580	-69.671300
1314.317571	-99.700460
1314.327562	-64.273460
1314.337554	-99.285920
1314.347546	-60.201560
1314.357538	-63.400280
1314.367530	-99.277100
1314.377522	-75.224960
1314.387515	-69.859460
1314.397507	-99.400580
1314.407500	-66.443180
1314.417493	-64.279340
1314.427486	-99.291800
1314.437479	-69.724220
1314.447472	-71.658740
1314.457466	-99.441740
1314.467459	-75.513080
1314.477453	-68.659940
1314.487447	-99.377060
1314.497441	-63.159200
1314.507435	-69.556640
1314.517430	-99.403520
1314.527424	-100.006220
1314.537419	-100.006220
1314.547414	-66.013940
1314.557409	-69.239120
1314.567404	-99.088940
1314.577399	-100.006220
1314.587395	-66.978260
1314.597390	-98.986040
1314.607386	-66.175640
1314.617382	-66.031580
1314.627378	-75.345500
1314.637374	-67.733840
1314.647371	-72.949400
1314.657367	-99.200660
1314.667364	-100.006220
1314.677361	-66.660740
1314.687358	-65.664080
1314.697355	-98.633240
1314.707352	-67.198760
1314.717349	-62.574140
1314.727347	-98.503880
1314.737345	-64.438100
1314.747343	-98.539160
1314.757341	-66.440240
1314.767339	-74.875100
1314.777337	-99.012500
1314.787336	-68.163080
1314.797334	-71.035460
1314.807333	-74.151860
1314.817332	-98.977220
1314.827331	-100.006220
1314.837330	-100.006220
1314.847330	-67.995500
1314.857329	-63.803060
1314.867329	-98.553860
1314.877329	-66.807740
1314.887329	-98.639120
1314.897329	-67.648580
1314.907329	-98.994860
1314.917330	-100.006220
1314.927331	-66.005120
1314.937331	-61.474580
1314.947332	-98.462720
1314.957333	-64.843820
1314.967335	-71.417660
1314.977336	-63.323840
1314.987337	-98.894900
1314.997339	-68.036660
1315.007341	-98.674400
1315.017343	-76.515620
1315.027345	-63.018080
1315.037347	-98.880200
1315.047350	-65.719940
1315.057352	-98.592080
1315.067355	-65.273060
1315.077358	-98.574440
1315.087361	-64.723280
1315.097364	-67.754420
1315.107368	-63.420860
1315.117371	-98.903720
1315.127375	-100.006220
1315.137379	-68.248340
1315.147383	-71.026640
1315.157387	-66.954740
1315.167391	-66.466700
1315.177396	-99.000740
1315.187400	-66.366740
1315.197405	-73.634420
1315.207410	-99.224180
1315.217415	-67.063520
1315.227420	-98.988980
1315.237425	-100.006220
1315.247431	-64.917320
1315.257436	-98.921360
1315.267442	-62.385980
1315.277448	-98.853740
1315.287454	-66.440240
1315.297461	-66.093320
1315.307467	-98.988980
1315.317473	-65.102540
1315.327480	-76.124600
1315.337487	-99.535820
1315.347494	-64.761500
1315.357501	-99.288860
1315.367509	-100.006220
1315.377516	-100.006220
1315.387524	-65.405360
1315.397531	-61.565720
1315.407539	-99.621080
1315.417547	-63.850100
1315.427556	-99.638720
1315.437564	-100.006220
1315.447573	-64.279340
1315.457581	-99.644600
1315.467590	-65.546480
1315.477599	-99.659300
1315.487608	-65.073140
1315.497618	-99.653420
1315.507627	-72.126200
1315.517637	-64.026500
1315.527646	-99.647540
1315.537656	-79.823120
1315.547666	-65.290700
1315.557677	-100.006220
1315.567687	-62.968100
1315.577697	-100.006220
1315.587708	-86.740940
1315.597719	-76.186340
1315.607730	-66.490220
1315.617741	-68.536460
1315.627752	-68.242460
1315.637764	-100.006220
1315.647775	-62.638820
1315.657787	-99.668120
1315.667799	-66.528440
1315.677811	-99.635780
1315.687823	-63.320900
1315.697835	-99.656360
1315.707848	-65.105480
1315.717861	-67.954340
1315.727873	-99.315320
1315.737886	-65.655260
1315.747899	-75.768860
1315.757913	-100.006220
1315.767926	-99.044840
1315.777940	-67.951400
1315.787953	-67.807340
1315.797967	-62.541800
1315.807981	-99.168320
1315.817996	-71.976260
1315.828010	-69.738920
1315.838024	-100.006220
1315.848039	-98.647940
1315.858054	-67.057640
1315.868069	-98.606780
1315.878084	-66.404960
1315.888099	-98.480360
1315.898114	-63.356180
1315.908130	-98.189300
1315.918146	-65.105480
1315.928161	-100.006220
1315.938177	-98.533280
1315.948194	-65.008460
1315.958210	-98.248100
1315.968226	-64.884980
1315.978243	-67.519220
1315.988260	-100.006220
1315.998277	-98.874320
1316.008294	-80.046560
1316.018311	-65.428880
1316.028328	-97.871780
1316.038346	-66.937100
1316.048364	-100.006220
1316.058381	-97.742420
1316.068399	-69.912380
1316.078418	-98.048180
1316.088436	-71.417660
1316.098454	-66.128600
1316.108473	-98.280440
1316.118492	-74.572280
1316.128511	-68.427680
1316.138530	-100.006220
1316.148549	-100.006220
1316.158568	-97.513100
1316.168588	-68.671700
1316.178607	-69.847700
1316.188627	-100.006220
1316.198647	-96.619340
1316.208667	-63.065120
1316.218687	-72.487820
1316.228708	-96.928040
1316.238728	-68.389460
1316.248749	-65.499440
1316.258770	-100.006220
1316.268791	-100.006220
1316.278812	-95.981360
1316.288834	-67.439840
1316.298855	-97.830620
1316.308877	-82.604360
1316.318899	-96.169520
1316.328921	-71.855720
1316.338943	-95.716760
1316.348965	-68.909840
1316.358987	-95.596220
1316.369010	-66.519620
1316.379033	-73.740260
1316.389055	-95.990180
1316.399078	-68.318900
1316.409102	-68.601140
1316.419125	-95.619740
1316.429148	-73.378640
1316.439172	-95.184620
1316.449196	-70.735580
1316.459220	-96.210680
1316.469244	-72.555440
1316.479268	-66.707780
1316.489293	-100.006220
1316.499317	-94.090940
1316.509342	-64.064720
1316.519367	-68.915720
1316.529392	-67.780880
1316.539417	-72.490760
1316.549442	-100.006220
1316.559468	-93.320660
1316.569493	-69.550760
1316.579519	-93.638180
1316.589545	-64.029440
1316.599571	-68.662880
1316.609597	-93.408860
1316.619624	-71.885120
1316.629650	-100.006220
1316.639677	-100.006220
1316.649704	-100.006220
1316.659731	-93.888080
1316.669758	-70.268120
1316.679785	-73.552100
1316.689812	-71.176580
1316.699840	-71.676380
1316.709868	-91.730120
1316.719896	-70.667960
1316.729924	-100.006220
1316.739952	-90.921620
1316.749980	-69.588980
1316.760009	-94.093880
1316.770038	-73.513880
1316.780066	-69.221480
1316.790095	-72.573080
1316.800124	-92.321060
1316.810154	-75.665960
1316.820183	-100.006220
1316.830213	-90.842240
1316.840243	-65.811080
1316.850272	-70.341620
1316.860302	-64.820300
1316.870333	-79.440920
1316.880363	-90.371840
1316.890394	-72.958220
1316.900424	-90.948080
1316.910455	-66.872420
1316.920486	-76.968380
1316.930517	-90.842240
1316.940548	-68.992160
1316.950580	-71.955680
1316.960611	-66.995900
1316.970643	-70.115240
1316.980675	-90.439460
1316.990707	-100.006220
1317.000739	-90.510020
1317.010771	-68.321840
1317.020804	-66.460820
1317.030837	-65.090780
1317.040869	-70.917860
1317.050902	-80.222960
1317.060935	-87.452420
1317.070969	-73.722620
1317.081002	-88.319720
1317.091036	-76.274540
1317.101069	-89.031200
1317.111103	-68.577620
1317.121137	-80.352320
1317.131171	-88.299140
1317.141206	-64.238180
1317.151240	-75.527780
1317.161275	-87.079040
1317.171310	-63.873620
1317.181345	-78.138500
1317.191380	-86.835020
1317.201415	-65.381840
1317.211450	-67.016480
1317.221486	-79.535000
1317.231522	-88.158020
1317.241557	-69.230300
1317.251593	-81.619460
1317.261630	-100.006220
1317.271666	-86.626280
1317.281702	-69.594860
1317.291739	-71.373560
1317.301776	-67.236980
1317.311813	-82.183940
1317.321850	-100.006220
1317.331887	-84.327200
1317.341924	-78.356060
1317.351962	-85.473800
1317.362000	-67.389860
1317.372037	-69.583100
1317.382075	-83.118860
1317.392114	-85.265060
1317.402152	-81.578300
1317.412190	-84.224300
1317.422229	-80.716880
1317.432268	-83.307020
1317.442307	-65.475920
1317.452346	-82.807220
1317.462385	-85.426760
1317.472424	-69.230300
1317.482464	-65.684660
1317.492503	-68.995100
1317.502543	-88.078640
1317.512583	-100.006220
1317.522623	-83.221760
1317.532664	-82.877780
1317.542704	-84.818180
1317.552745	-84.818180
1317.562785	-100.006220
1317.572826	-83.698040
1317.582867	-64.517480
1317.592909	-81.069680
1317.602950	-82.380920
1317.612992	-84.074360
1317.623033	-100.006220
1317.633075	-100.006220
1317.643117	-80.655140
1317.653159	-83.880320
1317.663201	-100.006220
1317.673244	-78.720620
1317.683286	-82.977740
1317.693329	-100.006220
1317.703372	-100.006220
1317.713415	-83.189420
1317.723458	-68.183660
1317.733502	-85.744280
1317.743545	-78.062060
1317.753589	-84.494780
1317.763633	-100.006220
1317.773677	-78.879380
1317.783721	-85.682540
1317.793765	-100.006220
1317.803809	-78.094400
1317.813854	-61.895000
1317.823899	-85.015160
1317.833944	-79.840760
1317.843989	-87.972800
1317.854034	-76.938980
1317.864079	-86.826200
1317.874125	-78.838220
1317.884170	-88.099220
1317.894216	-76.189280
1317.904262	-65.575880
1317.914308	-88.687220
1317.924354	-75.686540
1317.934401	-88.028660
1317.944447	-100.006220
1317.954494	-76.712600
1317.964541	-66.331460
1317.974588	-65.508260
1317.984635	-89.510420
1317.994683	-100.006220
1318.004730	-75.501320
1318.014778	-67.228160
1318.024825	-90.765800
1318.034873	-72.578960
1318.044921	-89.722100
1318.054970	-73.452140
1318.065018	-90.048440
1318.075067	-73.263980
1318.085115	-90.609980
1318.095164	-82.974800
1318.105213	-67.848500
1318.115262	-63.529640
1318.125312	-65.640560
1318.135361	-91.947680
1318.145411	-100.006220
1318.155461	-77.435840
1318.165511	-65.358320
1318.175561	-92.391620
1318.185611	-86.987900
1318.195661	-71.985080
1318.205712	-73.728500
1318.215763	-65.764040
1318.225813	-64.555700
1318.235864	-63.179780
1318.245916	-93.314780
1318.255967	-71.605820
1318.266018	-70.479800
1318.276070	-70.376900
1318.286122	-95.231660
1318.296174	-78.220820
1318.306226	-64.188200
1318.316278	-94.740680
1318.326330	-100.006220
1318.336383	-72.464300
1318.346436	-96.207740
1318.356489	-100.006220
1318.366542	-66.866540
1318.376595	-95.863760
1318.386648	-72.855320
1318.396701	-96.957440
1318.406755	-73.143440
1318.416809	-70.365140
1318.426863	-63.823640
1318.436917	-97.433720
1318.446971	-68.245400
1318.457025	-69.012740
1318.467080	-97.854140
1318.477135	-66.675440
1318.487190	-98.233400
1318.497245	-100.006220
1318.507300	-66.763640
1318.517355	-74.722220
1318.527410	-76.612640
1318.537466	-77.327060
1318.547522	-62.656460
1318.557578	-99.632840
1318.567634	-61.136480
1318.577690	-99.615200
1318.587746	-73.425680
1318.597803	-66.160940
1318.607860	-73.155200
1318.617916	-74.551700
1318.627973	-68.027840
1318.638031	-73.205180
1318.648088	-65.952200
1318.658145	-66.016880
1318.668203	-100.006220
1318.678261	-97.757120
1318.688319	-62.506520
1318.698377	-64.949660
1318.708435	-100.006220
1318.718493	-97.139720
1318.728552	-64.470440
1318.738610	-68.036660
1318.748669	-71.705780
1318.758728	-100.006220
1318.768787	-95.969600
1318.778847	-67.351640
1318.788906	-96.387080
1318.798966	-73.760840
1318.809025	-95.299280
1318.819085	-68.859860
1318.829145	-95.499200
1318.839206	-68.113100
1318.849266	-70.038800
1318.859327	-70.720880
1318.869387	-68.677580
1318.879448	-72.534860
1318.889509	-93.796940
1318.899570	-72.061520
1318.909631	-93.029600
1318.919693	-72.093860
1318.929754	-92.276960
1318.939816	-70.929620
1318.949878	-91.442000
1318.959940	-70.029980
1318.970002	-91.356740
1318.980065	-71.423540
1318.990127	-92.300480
1319.000190	-68.039600
1319.010253	-65.073140
1319.020316	-75.145580
1319.030379	-100.006220
1319.040442	-91.080380
1319.050506	-67.457480
1319.060569	-75.680660
1319.070633	-90.612920
1319.080697	-77.330000
1319.090761	-89.777960
1319.100825	-67.528040
1319.110889	-70.620920
1319.120954	-83.071820
1319.131019	-89.051780
1319.141083	-78.097340
1319.151148	-86.764460
1319.161214	-62.377160
1319.171279	-76.159880
1319.181344	-86.823260
1319.191410	-77.559320
1319.201476	-100.006220
1319.211541	-100.006220
1319.221607	-100.006220
1319.231674	-86.446940
1319.241740	-66.255020
1319.251807	-80.217080
1319.261873	-100.006220
1319.271940	-83.877380
1319.282007	-78.623600
1319.292074	-87.270140
1319.302141	-67.922000
1319.312209	-68.363000
1319.322276	-68.612900
1319.332344	-79.893680
1319.342412	-100.006220
1319.352480	-82.957160
1319.362548	-81.537140
1319.372617	-82.760180
1319.382685	-82.407380
1319.392754	-85.109240
1319.402823	-85.406180
1319.412892	-100.006220
1319.422961	-82.186880
1319.433030	-65.552360
1319.443099	-84.080240
1319.453169	-80.511080
1319.463239	-66.563720
1319.473309	-85.985360
1319.483379	-80.449340
1319.493449	-64.617440
1319.503519	-84.815240
1319.513590	-100.006220
1319.523660	-82.022240
1319.533731	-88.016900
1319.543802	-79.276280
1319.553873	-75.401360
1319.563945	-92.935520
1319.574016	-100.006220
1319.584088	-77.300600
1319.594159	-65.076080
1319.604231	-88.231520
1319.614303	-100.006220
1319.624375	-100.006220
1319.634448	-100.006220
1319.644520	-76.303940
1319.654593	-89.201720
1319.664666	-77.521100
1319.674739	-64.258760
1319.684812	-89.245820
1319.694885	-79.349780
1319.704958	-66.160940
1319.715032	-90.748160
1319.725106	-72.623060
1319.735180	-90.754040
1319.745254	-79.088120
1319.755328	-75.395480
1319.765402	-74.875100
1319.775477	-94.382000
1319.785551	-79.690820
1319.795626	-94.537820
1319.805701	-100.006220
1319.815776	-100.006220
1319.825852	-70.809080
1319.835927	-93.597020
1319.846003	-100.006220
1319.856078	-72.778880
1319.866154	-65.108420
1319.876230	-65.746400
1319.886306	-95.237540
1319.896383	-66.666620
1319.906459	-67.254620
1319.916536	-96.166580
1319.926613	-68.945120
1319.936690	-96.516440
1319.946767	-72.549560
1319.956844	-63.911840
1319.966922	-71.132480
1319.976999	-67.051760
1319.987077	-98.007020
1319.997155	-65.123120
1320.007233	-98.171660
1320.017311	-65.955140
1320.027389	-98.941940
1320.037468	-64.182320
1320.047546	-65.252480
1320.057625	-99.659300
1320.067704	-100.006220
1320.077783	-62.677040
1320.087863	-69.286160
1320.097942	-100.006220
1320.108022	-100.006220
1320.118101	-100.006220
1320.128181	-98.109920
1320.138261	-62.383040
1320.148341	-69.441980
1320.158422	-97.366100
1320.168502	-65.311280
1320.178583	-96.757520
1320.188664	-67.501580
1320.198745	-100.006220
1320.208826	-96.272420
1320.218907	-66.240320
1320.228989	-71.708720
1320.239070	-95.340440
1320.249152	-66.346160
1320.259234	-69.827120
1320.269316	-94.196780
1320.279398	-63.920660
1320.289480	-65.061380
1320.299563	-71.841020
1320.309646	-93.717560
1320.319728	-68.321840
1320.329811	-79.432100
1320.339894	-93.767540
1320.349978	-70.553300
1320.360061	-66.469640
1320.370145	-64.887920
1320.380228	-73.155200
1320.390312	-90.745220
1320.400396	-64.934960
1320.410481	-69.815360
1320.420565	-84.515360
1320.430649	-90.286580
1320.440734	-65.234840
1320.450819	-74.093060
1320.460904	-100.006220
1320.470989	-90.313040
1320.481074	-68.454140
1320.491160	-64.970240
1320.501245	-78.700040
1320.511331	-88.213880
1320.521417	-79.367420
1320.531503	-85.268000
1320.541589	-76.348040
1320.551676	-87.243680
1320.561762	-80.860940
1320.571849	-84.976940
1320.581936	-79.111640
1320.592022	-100.006220
1320.602110	-90.727580
1320.612197	-88.410860
1320.622284	-100.006220
1320.632372	-82.577900
1320.642460	-64.688000
1320.652548	-65.637620
1320.662636	-76.474460
1320.672724	-78.708860
1320.682812	-66.995900
1320.692901	-83.245280
1320.702989	-82.783700
1320.713078	-85.059260
1320.723167	-83.627480
1320.733256	-67.398680
1320.743346	-69.909440
1320.753435	-69.486080
1320.763525	-70.841420
1320.773614	-89.325200
1320.783704	-78.047360
1320.793794	-85.732520
1320.803884	-76.777280
1320.813975	-85.770740
1320.824065	-79.023440
1320.834156	-68.357120
1320.844247	-65.211320
1320.854338	-87.487700
1320.864429	-76.121660
1320.874520	-88.766600
1320.884612	-76.500920
1320.894703	-68.804000
1320.904795	-71.438240
1320.914887	-65.658200
1320.924979	-69.074480
1320.935071	-92.559200
1320.945164	-71.885120
1320.955256	-90.633500
1320.965349	-72.196760
1320.975442	-92.059400
1320.985535	-79.467380
1320.995628	-72.252620
1321.005721	-94.379060
1321.015814	-100.006220
1321.025908	-67.481000
1321.036002	-93.264800
1321.046096	-100.006220
1321.056190	-66.746000
1321.066284	-94.529000
1321.076378	-73.322780
1321.086473	-66.187400
1321.096568	-95.896100
1321.106662	-100.006220
1321.116757	-65.308340
1321.126853	-96.575240
1321.136948	-100.006220
1321.147043	-100.006220
1321.157139	-64.837940
1321.167235	-73.346300
1321.177331	-73.649120
1321.187427	-65.861060
1321.197523	-63.994160
1321.207619	-99.647540
1321.217716	-100.006220
1321.227813	-66.110960
1321.237909	-69.633080
1321.248006	-99.241820
1321.258103	-74.054840
1321.268201	-64.952600
1321.278298	-97.713020
1321.288396	-62.471240
1321.298494	-71.329460
1321.308592	-69.174440
1321.318690	-69.168560
1321.328788	-100.006220
1321.338886	-95.619740
1321.348985	-63.409100
1321.359083	-65.643500
1321.369182	-78.588320
1321.379281	-69.677180
1321.389380	-100.006220
1321.399480	-93.958640
1321.409579	-71.182460
1321.419679	-92.656220
1321.429779	-70.603280
1321.439879	-100.006220
1321.449979	-93.044300
1321.460079	-69.147980
1321.470179	-75.457220
1321.480280	-100.006220
1321.490381	-89.910260
1321.500481	-73.084640
1321.510582	-90.933380
1321.520684	-67.651520
1321.530785	-77.765120
1321.540886	-100.006220
1321.550988	-88.028660
1321.561090	-65.731700
1321.571192	-67.351640
1321.581294	-76.365680
1321.591396	-100.006220
1321.601498	-100.006220
1321.611601	-88.660760
1321.621704	-69.621320
1321.631807	-80.934440
1321.641910	-100.006220
1321.652013	-86.638040
1321.662116	-82.598480
1321.672220	-100.006220
1321.682323	-83.700980
1321.692427	-81.222560
1321.702531	-83.383460
1321.712635	-82.704320
1321.722739	-100.006220
1321.732844	-81.498920
1321.742948	-82.586720
1321.753053	-81.516560
1321.763158	-84.256640
1321.773263	-83.204120
1321.783368	-87.105500
1321.793473	-82.042820
1321.803579	-87.084920
1321.813684	-77.729840
1321.823790	-85.526720
1321.833896	-79.229240
1321.844002	-87.608240
1321.854109	-78.426620
1321.864215	-66.725420
1321.874322	-72.881780
1321.884428	-92.062340
1321.894535	-100.006220
1321.904642	-80.414060
1321.914749	-91.489040
1321.924857	-71.494100
1321.934964	-88.919480
1321.945072	-100.006220
1321.955180	-74.216540
1321.965288	-64.429280
1321.975396	-91.736000
1321.985504	-75.110300
1321.995612	-65.364200
1322.005721	-92.932580
1322.015830	-100.006220
1322.025939	-100.006220
1322.036048	-74.895680
1322.046157	-95.222840
1322.056266	-72.396680
1322.066376	-63.800120
1322.076485	-95.587400
1322.086595	-68.789300
1322.096705	-96.498800
1322.106815	-74.131280
1322.116926	-65.546480
1322.127036	-97.557200
1322.137147	-100.006220
1322.147257	-64.455740
1322.157368	-98.524460
1322.167479	-70.068200
1322.177591	-65.320100
1322.187702	-64.932020
1322.197813	-100.006220
1322.207925	-100.006220
1322.218037	-98.903720
1322.228149	-65.123120
1322.238261	-98.054060
1322.248373	-63.708980
1322.258486	-96.945680
1322.268598	-65.196620
1322.278711	-96.451760
1322.288824	-68.718740
1322.298937	-100.006220
1322.309050	-94.814180
1322.319164	-62.876960
1322.329277	-68.659940
1322.339391	-100.006220
1322.349505	-93.864560
1322.359619	-65.317160
1322.369733	-70.717940
1322.379847	-93.476480
1322.389962	-76.062860
1322.400076	-91.462580
1322.410191	-73.308080
1322.420306	-100.006220
1322.430421	-90.133700
1322.440536	-65.146640
1322.450652	-76.339220
1322.460767	-100.006220
1322.470883	-88.593140
1322.480999	-76.106960
1322.491115	-90.148400
1322.501231	-81.160820
1322.511347	-88.013960
1322.521464	-79.584980
1322.531580	-85.650200
1322.541697	-65.211320
1322.551814	-67.139960
1322.561931	-64.449860
1322.572048	-79.243940
1322.582166	-100.006220
1322.592283	-83.392280
1322.602401	-62.709380
1322.612519	-79.923080
1322.622637	-82.636700
1322.632755	-65.570000
1322.642873	-83.621600
1322.652992	-100.006220
1322.663110	-79.452680
1322.673229	-64.770320
1322.683348	-66.181520
1322.693467	-85.170980
1322.703587	-77.341760
1322.713706	-84.638840
1322.723826	-76.644980
1322.733945	-85.835420
1322.744065	-100.006220
1322.754185	-100.006220
1322.764305	-76.747880
1322.774426	-88.375580
1322.784546	-77.706320
1322.794667	-90.168980
1322.804788	-78.514820
1322.814909	-64.376360
1322.825030	-90.201320
1322.835151	-100.006220
1322.845272	-74.181260
1322.855394	-92.191700
1322.865516	-72.082100
1322.875638	-92.847320
1322.885760	-100.006220
1322.895882	-81.651800
1322.906004	-96.201860
1322.916127	-100.006220
1322.926249	-72.279080
1322.936372	-65.317160
1322.946495	-95.799080
1322.956618	-66.957680
1322.966742	-96.293000
1322.976865	-100.006220
1322.986989	-68.689340
1322.997112	-64.958480
1323.007236	-66.540200
1323.017360	-99.006620
1323.027484	-66.322640
1323.037609	-99.662240
1323.047733	-99.671060
1323.057858	-66.305000
1323.067983	-64.432220
1323.078108	-100.006220
1323.088233	-100.006220
1323.098358	-100.006220
1323.108484	-97.645400
1323.118609	-66.590180
1323.128735	-73.263980
1323.138861	-96.410600
1323.148987	-67.360460
1323.159113	-72.117380
1323.169240	-94.802420
1323.179366	-71.211860
1323.189493	-94.696580
1323.199620	-67.295780
1323.209747	-69.192080
1323.219874	-93.167780
1323.230001	-66.557840
1323.240129	-65.564120
1323.250256	-78.553040
1323.260384	-90.351260
1323.270512	-64.699760
1323.280640	-67.131140
1323.290768	-79.455620
1323.300897	-88.969460
1323.311025	-76.897820
1323.321154	-87.367160
1323.331283	-76.536200
1323.341412	-100.006220
1323.351541	-86.076500
1323.361670	-67.877900
1323.371800	-69.856520
1323.381929	-79.831940
1323.392059	-83.177660
1323.402189	-78.479540
1323.412319	-82.172180
1323.422450	-79.893680
1323.432580	-100.006220
1323.442711	-87.399500
1323.452841	-87.652340
1323.462972	-100.006220
1323.473103	-80.311160
1323.483234	-83.595140
1323.493366	-100.006220
1323.503497	-78.885260
1323.513629	-64.199960
1323.523761	-67.863200
1323.533893	-65.340680
1323.544025	-86.138240
1323.554157	-76.609700
1323.564289	-87.767000
1323.574422	-73.784360
1323.584555	-67.563320
1323.594688	-91.218560
1323.604821	-74.345900
1323.614954	-89.886740
1323.625087	-84.771140
1323.635221	-72.381980
1323.645354	-70.062320
1323.655488	-93.411800
1323.665622	-70.932560
1323.675756	-62.944580
1323.685891	-93.303020
1323.696025	-100.006220
1323.706160	-70.124060
1323.716294	-72.643640
1323.726429	-96.622280
1323.736564	-66.731300
1323.746700	-96.266540
1323.756835	-63.838340
1323.766971	-68.774600
1323.777106	-98.171660
1323.787242	-64.876160
1323.797378	-81.031460
1323.807514	-65.734640
1323.817651	-99.659300
1323.827787	-69.544880
1323.837924	-99.259460
1323.848060	-63.029840
1323.858197	-70.362200
1323.868334	-66.013940
1323.878472	-71.864540
1323.888609	-97.521920
1323.898747	-71.893940
1323.908884	-67.754420
1323.919022	-69.785960
1323.929160	-68.330660
1323.939298	-95.631500
1323.949437	-71.197160
1323.959575	-64.264640
1323.969714	-72.246740
1323.979853	-100.006220
1323.989992	-92.065280
1324.000131	-68.474720
1324.010270	-76.791980
1324.020409	-81.601820
1324.030549	-100.006220
1324.040689	-92.229920
1324.050828	-70.823780
1324.060969	-75.230840
1324.071109	-88.219760
1324.081249	-65.331860
1324.091390	-78.153200
1324.101530	-86.041220
1324.111671	-63.808940
1324.121812	-79.138100
1324.131953	-84.900500
1324.142094	-65.540600
1324.152236	-68.265980
1324.162377	-84.400700
1324.172519	-100.006220
1324.182661	-100.006220
1324.192803	-82.392680
1324.202945	-65.487680
1324.213088	-84.133160
1324.223230	-100.006220
1324.233373	-88.943000
1324.243516	-74.287100
1324.253659	-65.126060
1324.263802	-85.144520
1324.273945	-100.006220
1324.284089	-76.918400
1324.294232	-64.464560
1324.304376	-88.372640
1324.314520	-73.963700
1324.324664	-88.516700
1324.334808	-77.080100
1324.344953	-90.965720
1324.355097	-73.331600
1324.365242	-91.356740
1324.375387	-73.164020
1324.385532	-66.507860
1324.395677	-93.382400
1324.405822	-100.006220
1324.415968	-100.006220
1324.426113	-70.812020
1324.436259	-94.793600
1324.446405	-65.537660
1324.456551	-71.838080
1324.466697	-97.345520
1324.476844	-69.444920
1324.486990	-97.680680
1324.497137	-75.421940
1324.507284	-98.959580
1324.517431	-67.924940
1324.527578	-73.552100
1324.537725	-70.335740
1324.547873	-100.006220
1324.558021	-99.030140
1324.568168	-67.533920
1324.578316	-72.029180
1324.588464	-97.210280
1324.598613	-66.575480
1324.608761	-80.778620
1324.618910	-74.128340
1324.629058	-95.346320
1324.639207	-69.527240
1324.649356	-94.008620
1324.659506	-71.076620
1324.669655	-92.306360
1324.679804	-69.594860
1324.689954	-93.761660
1324.700104	-78.435440
1324.710254	-91.142120
1324.720404	-74.125400
1324.730554	-89.569220
1324.740705	-74.813360
1324.750855	-87.802280
1324.761006	-64.817360
1324.771157	-80.740400
1324.781308	-87.343640
1324.791459	-77.844500
1324.801611	-86.276420
1324.811762	-65.146640
1324.821914	-80.078900
1324.832066	-100.006220
1324.842218	-82.933640
1324.852370	-79.517360
1324.862522	-85.694300
1324.872675	-85.100420
1324.882827	-85.488500
1324.892980	-69.762440
1324.903133	-85.685480
1324.913286	-81.928160
1324.923439	-68.248340
1324.933593	-87.140780
1324.943746	-78.676520
1324.953900	-65.602340
1324.964054	-87.537680
1324.974208	-76.847840
1324.984362	-88.249160
1324.994517	-100.006220
1325.004671	-73.975460
1325.014826	-89.592740
1325.024980	-100.006220
1325.035135	-100.006220
1325.045291	-75.710060
1325.055446	-70.794380
1325.065601	-94.070360
1325.075757	-73.757900
1325.085913	-63.914780
1325.096068	-94.117400
1325.106225	-75.398420
1325.116381	-66.619580
1325.126537	-96.260660
1325.136694	-73.128740
1325.146850	-64.294040
1325.157007	-97.471940
1325.167164	-75.286700
1325.177321	-98.965460
1325.187479	-68.013140
1325.197636	-64.055900
1325.207794	-99.671060
1325.217951	-67.139960
1325.228109	-98.700860
1325.238267	-67.272260
1325.248426	-68.680520
1325.258584	-100.006220
1325.268743	-96.983900
1325.278901	-73.413920
1325.289060	-95.305160
1325.299219	-67.510400
1325.309378	-72.423140
1325.319538	-67.463360
1325.329697	-76.865480
1325.339857	-93.220700
1325.350016	-76.253960
1325.360176	-92.867900
1325.370336	-70.665020
1325.380497	-66.684260
1325.390657	-73.149320
1325.400818	-89.392820
1325.410978	-76.724360
1325.421139	-88.634300
1325.431300	-65.637620
1325.441462	-77.321180
1325.451623	-85.426760
1325.461784	-64.179380
1325.471946	-68.042540
1325.482108	-83.357000
1325.492270	-91.001000
1325.502432	-89.628020
1325.512594	-100.006220
1325.522757	-81.951680
1325.532919	-66.390260
1325.543082	-66.922400
1325.553245	-84.438920
1325.563408	-82.219220
1325.573571	-87.211340
1325.583735	-80.781560
1325.593898	-65.408300
1325.604062	-68.586440
1325.614226	-67.854380
1325.624390	-88.793060
1325.634554	-100.006220
1325.644718	-77.118320
1325.654883	-66.113900
1325.665047	-90.730520
1325.675212	-74.187140
1325.685377	-92.088800
1325.695542	-100.006220
1325.705707	-69.897680
1325.715873	-93.232460
1325.726038	-100.006220
1325.736204	-70.926680
1325.746370	-64.932020
1325.756536	-95.781440
1325.766702	-68.395340
1325.776868	-63.385580
1325.787035	-65.693480
1325.797201	-98.301020
1325.807368	-100.006220
1325.817535	-67.866140
1325.827702	-100.006220
1325.837869	-62.756420
1325.848037	-67.804400
1325.858204	-67.566260
1325.868372	-97.663040
1325.878540	-66.155060
1325.888708	-66.019820
1325.898876	-96.742820
1325.909045	-71.773400
1325.919213	-65.437700
1325.929382	-65.834600
1325.939551	-74.048960
1325.949720	-93.723440
1325.959889	-68.095460
1325.970058	-74.437040
1325.980228	-94.967060
1325.990397	-74.910380
1326.000567	-72.317300
1326.010737	-90.189560
1326.020907	-77.756300
1326.031077	-88.240340
1326.041248	-66.331460
1326.051418	-81.110840
1326.061589	-87.887540
1326.071760	-65.963960
1326.081931	-78.170840
1326.092102	-83.845040
1326.102273	-80.170040
1326.112445	-100.006220
1326.122616	-81.528320
1326.132788	-81.528320
1326.142960	-83.833280
1326.153132	-85.700180
1326.163304	-79.914260
1326.173477	-84.577100
1326.183649	-79.044020
1326.193822	-64.182320
1326.203995	-86.685080
1326.214168	-100.006220
1326.224341	-78.270800
1326.234515	-66.919460
1326.244688	-67.148780
1326.254862	-67.275200
1326.265036	-65.575880
1326.275210	-65.511200
1326.285384	-91.771280
1326.295558	-73.266920
1326.305732	-64.799720
1326.315907	-70.071140
1326.326082	-65.693480
1326.336257	-75.439580
1326.346432	-97.042700
1326.356607	-75.942320
1326.366782	-97.571900
1326.376958	-100.006220
1326.387134	-69.527240
1326.397309	-98.709680
1326.407485	-71.826320
1326.417662	-67.689740
1326.427838	-74.145980
1326.438014	-68.324780
1326.448191	-100.006220
1326.458368	-97.992320
1326.468545	-66.313820
1326.478722	-69.142100
1326.488899	-95.775560
1326.499077	-65.190740
1326.509254	-68.498240
1326.519432	-76.712600
1326.529610	-95.058200
1326.539788	-72.038000
1326.549966	-72.887660
1326.560144	-100.006220
1326.570323	-90.386540
1326.580501	-73.366880
1326.590680	-90.701120
1326.600859	-78.605960
1326.611038	-88.193300
1326.621218	-65.267180
1326.631397	-69.030380
1326.641577	-68.057240
1326.651756	-77.056580
1326.661936	-84.215480
1326.672116	-78.952880
1326.682297	-84.065540
1326.692477	-65.017280
1326.702658	-82.328000
1326.712838	-85.620800
1326.723019	-69.224420
1326.733200	-64.679180
1326.743381	-64.217600
1326.753563	-85.761920
1326.763744	-79.411520
1326.773926	-74.213600
1326.784108	-92.603300
1326.794289	-100.006220
1326.804472	-79.602620
1326.814654	-75.912920
1326.824836	-67.242860
1326.835019	-89.924960
1326.845202	-73.460960
1326.855384	-91.865360
1326.865567	-73.522700
1326.875751	-67.069400
1326.885934	-67.110560
1326.896117	-94.740680
1326.906301	-68.730500
1326.916485	-69.356720
1326.926669	-68.360060
1326.936853	-97.139720
1326.947037	-68.271860
1326.957222	-74.886860
1326.967406	-99.265340
1326.977591	-62.694680
1326.987776	-99.668120
1326.997961	-66.795980
1327.008146	-98.206940
1327.018332	-66.146240
1327.028517	-97.489580
1327.038703	-68.204240
1327.048889	-69.333200
1327.059075	-100.006220
1327.069261	-94.702460
1327.079447	-72.487820
1327.089634	-92.838500
1327.099820	-63.947120
1327.110007	-76.791980
1327.120194	-100.006220
1327.130381	-89.910260
1327.140568	-66.537260
1327.150756	-79.367420
1327.160943	-85.514960
1327.171131	-88.907720
1327.181319	-79.114580
1327.191507	-85.059260
1327.201695	-76.403900
1327.211884	-100.006220
1327.222072	-84.785840
1327.232261	-65.020220
1327.242450	-81.216680
1327.252639	-84.030260
1327.262828	-84.030260
1327.273017	-84.865220
1327.283207	-68.171900
1327.293396	-64.596860
1327.303586	-85.209200
1327.313776	-100.006220
1327.323966	-82.036940
1327.334156	-66.393200
1327.344346	-66.272660
1327.354537	-64.955540
1327.364728	-71.505860
1327.374919	-92.961980
1327.385110	-78.117920
1327.395301	-92.909060
1327.405492	-100.006220
1327.415684	-77.094800
1327.425875	-65.711120
1327.436067	-65.978660
1327.446259	-94.946480
1327.456451	-74.084240
1327.466643	-97.060340
1327.476836	-69.950600
1327.487028	-65.081960
1327.497221	-98.253980
1327.507414	-67.034120
1327.517607	-99.668120
1327.527800	-83.765660
1327.537994	-98.941940
1327.548187	-64.876160
1327.558381	-71.491160
1327.568575	-70.767920
1327.578769	-95.946080
1327.588963	-64.640960
1327.599157	-79.526180
1327.609351	-93.752840
1327.619546	-67.954340
1327.629741	-100.006220
1327.639936	-92.767940
1327.650131	-67.098800
1327.660326	-75.965840
1327.670521	-100.006220
1327.680717	-100.006220
1327.690913	-88.737200
1327.701109	-76.759640
1327.711305	-100.006220
1327.721501	-86.176460
1327.731697	-67.513340
1327.741894	-84.553580
1327.752090	-89.501600
1327.762287	-86.814440
1327.772484	-86.032400
1327.782681	-85.159220
1327.792878	-100.006220
1327.803076	-79.970120
1327.813273	-62.862260
1327.823471	-84.391880
1327.833669	-78.982280
1327.843867	-67.586840
1327.854065	-88.937120
1327.864264	-74.704580
1327.874462	-65.470040
1327.884661	-90.266000
1327.894860	-79.940720
1327.905059	-92.659160
1327.915258	-73.772600
1327.925457	-67.189940
1327.935657	-64.094120
1327.945856	-93.379460
1327.956056	-69.927080
1327.966256	-94.931780
1327.976456	-71.529380
1327.986656	-66.522560
1327.996857	-97.322000
1328.007057	-68.462960
1328.017258	-98.650880
1328.027459	-100.006220
1328.037660	-67.166420
1328.047861	-66.731300
1328.058063	-98.542100
1328.068264	-63.717800
1328.078466	-72.299660
1328.088668	-96.731060
1328.098870	-67.992560
1328.109072	-94.949420
1328.119274	-63.682520
1328.129476	-69.327320
1328.139679	-100.006220
1328.149882	-100.006220
1328.160085	-91.650740
1328.170288	-65.552360
1328.180491	-75.942320
1328.190694	-100.006220
1328.200898	-88.163900
1328.211102	-75.580700
1328.221305	-100.006220
1328.231509	-86.379320
1328.241714	-78.488360
1328.251918	-87.167240
1328.262122	-66.060980
1328.272327	-67.516280
1328.282532	-72.452540
1328.292737	-71.955680
1328.302942	-69.130340
1328.313147	-84.359540
1328.323353	-100.006220
1328.333558	-80.816840
1328.343764	-70.800260
1328.353970	-70.494500
1328.364176	-89.160560
1328.374382	-82.660220
1328.384588	-70.091720
1328.394795	-90.859880
1328.405002	-100.006220
1328.415209	-72.946460
1328.425415	-65.108420
1328.435623	-92.753240
1328.445830	-73.860800
1328.456037	-94.840640
1328.466245	-75.057380
1328.476453	-65.425940
1328.486661	-68.559980
1328.496869	-67.257560
1328.507077	-72.193820
1328.517285	-72.267320
1328.527494	-99.450560
1328.537703	-69.935900
1328.547912	-99.285920
1328.558121	-64.026500
1328.568330	-66.901820
1328.578539	-100.006220
1328.588749	-96.604640
1328.598958	-69.336140
1328.609168	-70.803200
1328.619378	-73.581500
1328.629588	-100.006220
1328.639799	-100.006220
1328.650009	-91.788920
1328.660220	-64.458680
1328.670430	-65.440640
1328.680641	-76.671440
1328.690852	-88.616660
1328.701064	-63.250340
1328.711275	-76.101080
1328.721487	-86.755640
1328.731698	-65.267180
1328.741910	-64.296980
1328.752122	-79.105760
1328.762334	-100.006220
1328.772547	-84.982820
1328.782759	-67.971980
1328.792972	-84.618260
1328.803185	-80.193560
1328.813397	-84.515360
1328.823611	-77.820980
1328.833824	-63.209180
1328.844037	-64.605680
1328.854251	-87.790520
1328.864465	-100.006220
1328.874678	-74.216540
1328.884893	-89.689760
1328.895107	-78.356060
1328.905321	-93.276560
1328.915536	-100.006220
1328.925750	-100.006220
1328.935965	-69.147980
1328.946180	-94.429040
1328.956395	-69.365540
1328.966611	-64.364600
1328.976826	-71.541140
1328.987042	-98.342180
1328.997258	-65.690540
1329.007473	-99.282980
1329.017690	-68.377700
1329.027906	-99.303560
1329.038122	-64.746800
1329.048339	-65.625860
1329.058555	-97.307300
1329.068772	-69.959420
1329.078989	-95.516840
1329.089207	-70.641500
1329.099424	-93.738140
1329.109641	-64.426340
1329.119859	-76.559720
1329.130077	-100.006220
1329.140295	-90.942200
1329.150513	-74.901560
1329.160731	-90.274820
1329.170950	-67.504520
1329.181168	-77.353520
1329.191387	-86.150000
1329.201606	-77.159480
1329.211825	-86.993780
1329.222044	-81.916400
1329.232264	-100.006220
1329.242483	-100.006220
1329.252703	-82.572020
1329.262923	-83.268800
1329.273143	-100.006220
1329.283363	-80.181800
1329.293584	-63.597260
1329.303804	-85.532600
1329.314025	-78.009140
1329.324245	-88.134500
1329.334466	-82.078100
1329.344688	-66.407900
1329.354909	-89.777960
1329.365130	-100.006220
1329.375352	-73.093460
1329.385574	-92.570960
1329.395796	-100.006220
1329.406018	-70.344560
1329.416240	-95.002340
1329.426462	-100.006220
1329.436685	-74.098940
1329.446907	-67.198760
1329.457130	-63.835400
1329.467353	-98.915480
1329.477576	-67.807340
1329.487800	-100.006220
1329.498023	-98.874320
1329.508247	-62.715260
1329.518471	-73.610900
1329.528695	-97.257320
1329.538919	-75.812960
1329.549143	-94.696580
1329.559367	-70.629740
1329.569592	-94.411400
1329.579817	-70.932560
1329.590042	-70.276940
1329.600267	-72.817100
1329.610492	-89.310500
1329.620717	-73.263980
1329.630943	-90.321860
1329.641169	-80.334680
1329.651394	-100.006220
1329.661620	-85.797200
1329.671847	-78.873500
1329.682073	-89.933780
1329.692299	-87.643520
1329.702526	-100.006220
1329.712753	-89.727980
1329.722980	-71.355920
1329.733207	-83.886200
1329.743434	-80.552240
1329.753661	-70.853180
1329.763889	-68.874560
1329.774117	-87.631760
1329.784345	-75.327860
1329.794573	-63.723680
1329.804801	-89.560400
1329.815029	-77.456420
1329.825258	-66.513740
1329.835486	-68.624660
1329.845715	-93.905720
1329.855944	-100.006220
1329.866173	-100.006220
1329.876403	-100.006220
1329.886632	-74.954480
1329.896862	-67.860260
1329.907092	-98.057000
1329.917321	-66.907700
1329.927552	-99.662240
1329.937782	-68.636420
1329.948012	-99.171260
1329.958243	-71.782220
1329.968473	-67.436900
1329.978704	-96.578180
1329.988935	-65.364200
1329.999167	-68.274800
