#start 1300.000000 stop 1330.000000 averages NO resolution FULL
#Prova

Ciao
1299.997734	-73.984280
1300.007509	-66.990020
1300.017284	-98.680280
1300.027060	-100.006220
1300.036835	-67.969040
1300.046611	-67.037060
1300.056386	-95.752040
1300.066162	-69.874160
1300.075938	-93.549980
1300.085714	-100.006220
1300.095491	-100.006220
1300.105267	-100.006220
1300.115044	-74.960360
1300.124820	-90.189560
1300.134597	-75.845300
1300.144374	-70.917860
1300.154151	-76.303940
1300.163929	-71.329460
1300.173706	-86.976140
1300.183484	-100.006220
1300.193262	-84.729980
1300.203039	-68.903960
1300.212817	-83.104160
1300.222596	-82.533800
1300.232374	-80.752160
1300.242153	-81.992840
1300.251931	-77.188880
1300.261710	-85.462040
1300.271489	-68.148380
1300.281268	-73.361000
1300.291047	-68.542340
1300.300827	-76.868420
1300.310606	-100.006220
1300.320386	-90.668780
1300.330166	-66.901820
1300.339946	-70.373960
1300.349726	-68.024900
1300.359506	-77.432900
1300.369286	-100.006220
1300.379067	-95.231660
1300.388848	-65.981600
1300.398628	-66.354980
1300.408409	-67.269320
1300.418191	-98.715560
1300.427972	-68.686400
1300.437753	-99.759260
1300.447535	-75.630680
1300.457317	-99.012500
1300.467098	-76.383320
1300.476881	-97.995260
1300.486663	-66.763640
1300.496445	-67.395740
1300.506227	-95.202260
1300.516010	-70.303400
1300.525793	-66.816560
1300.535576	-69.412580
1300.545359	-67.742660
1300.555142	-91.447880
1300.564925	-100.006220
1300.574709	-75.751220
1300.584492	-88.919480
1300.594276	-100.006220
1300.604060	-79.364480
1300.613844	-87.428900
1300.623629	-100.006220
1300.633413	-79.593800
1300.643197	-84.168440
1300.652982	-79.849580
1300.662767	-62.774060
1300.672552	-81.063800
1300.682337	-100.006220
1300.692122	-84.197840
1300.701908	-64.799720
1300.711693	-64.346960
1300.721479	-76.553840
1300.731265	-100.006220
1300.741051	-87.252500
1300.750837	-74.119520
1300.760623	-89.663300
1300.770410	-65.972780
1300.780196	-70.432760
1300.789983	-69.515480
1300.799770	-72.817100
1300.809557	-100.006220
1300.819344	-93.688160
1300.829131	-68.045480
1300.838919	-96.307700
1300.848707	-68.804000
1300.858494	-68.227760
1300.868282	-100.006220
1300.878070	-98.718500
1300.887858	-68.092520
1300.897647	-100.006220
1300.907435	-100.006220
1300.917224	-68.130740
1300.927013	-97.657160
1300.936802	-100.006220
1300.946591	-100.006220
1300.956380	-68.148380
1300.966169	-94.146800
1300.975959	-100.006220
1300.985749	-70.911980
1300.995539	-92.103500
1301.005328	-100.006220
1301.015119	-100.006220
1301.024909	-78.235520
1301.034699	-66.396140
1301.044490	-88.790120
1301.054281	-100.006220
1301.064071	-79.764320
1301.073862	-87.669980
1301.083654	-80.037740
1301.093445	-86.029460
1301.103236	-100.006220
1301.113028	-78.106160
1301.122820	-79.758440
1301.132612	-100.006220
1301.142404	-84.221360
1301.152196	-65.752280
1301.161988	-70.709120
1301.171781	-71.929220
1301.181573	-76.853720
1301.191366	-89.475140
1301.201159	-68.395340
1301.210952	-74.537000
1301.220745	-88.584320
1301.230539	-64.823240
1301.240332	-76.977200
1301.250126	-92.406320
1301.259920	-68.598200
1301.269714	-68.618780
1301.279508	-65.131940
1301.289302	-66.543140
1301.299096	-74.207720
1301.308891	-95.796140
1301.318686	-64.993760
1301.328480	-68.398280
1301.338275	-98.327480
1301.348071	-72.490760
1301.357866	-84.336020
1301.367661	-99.847460
1301.377457	-62.944580
1301.387253	-68.709920
1301.397048	-97.836500
1301.406844	-74.116580
1301.416641	-67.172300
1301.426437	-66.472580
1301.436233	-69.192080
1301.446030	-95.155220
1301.455827	-68.918660
1301.465624	-91.947680
1301.475421	-76.127540
1301.485218	-67.963160
1301.495015	-91.262660
1301.504813	-100.006220
1301.514610	-73.067000
1301.524408	-66.895940
1301.534206	-89.439860
1301.544004	-86.514560
1301.553802	-91.656620
1301.563601	-100.006220
1301.573399	-100.006220
1301.583198	-79.252760
1301.592997	-67.772060
1301.602796	-67.422200
1301.612595	-80.828600
1301.622394	-84.779960
1301.632194	-82.186880
1301.641993	-83.259980
1301.651793	-77.027180
1301.661593	-91.683080
1301.671393	-72.461360
1301.681193	-75.236720
1301.690993	-90.101360
1301.700794	-79.293920
1301.710594	-89.237000
1301.720395	-63.494360
1301.730196	-66.501980
1301.739997	-69.877100
1301.749798	-74.745740
1301.759599	-92.653280
1301.769401	-67.883780
1301.779203	-94.890620
1301.789004	-65.746400
1301.798806	-68.651120
1301.808608	-100.006220
1301.818410	-97.568960
1301.828213	-65.184860
1301.838015	-65.908100
1301.847818	-99.609320
1301.857621	-60.666080
1301.867424	-98.815520
1301.877227	-70.847300
1301.887030	-66.937100
1301.896834	-97.013300
1301.906637	-65.055500
1301.916441	-94.958240
1301.926245	-72.734780
1301.936049	-65.155460
1301.945853	-93.270680
1301.955657	-100.006220
1301.965461	-100.006220
1301.975266	-73.646180
1301.985071	-90.989240
1301.994876	-74.019560
1302.004681	-89.025320
1302.014486	-76.048160
1302.024291	-88.025720
1302.034097	-76.603820
1302.043902	-86.111780
1302.053708	-100.006220
1302.063514	-100.006220
1302.073320	-79.658480
1302.083126	-83.292320
1302.092933	-81.225500
1302.102739	-82.286840
1302.112546	-83.309960
1302.122352	-81.569480
1302.132159	-86.429300
1302.141966	-82.416200
1302.151774	-100.006220
1302.161581	-87.073160
1302.171389	-67.854380
1302.181196	-70.385720
1302.191004	-81.160820
1302.200812	-91.894760
1302.210620	-70.917860
1302.220429	-73.549160
1302.230237	-100.006220
1302.240046	-94.038020
1302.249854	-71.635220
1302.259663	-70.429820
1302.269472	-94.581920
1302.279281	-68.792240
1302.289091	-71.893940
1302.298900	-69.053900
1302.308710	-71.970380
1302.318519	-73.993100
1302.328329	-100.006220
1302.338139	-98.512700
1302.347950	-70.012340
1302.357760	-64.843820
1302.367570	-99.650480
1302.377381	-100.006220
1302.387192	-63.691340
1302.397003	-97.330820
1302.406814	-100.006220
1302.416625	-88.796000
1302.426436	-66.810680
1302.436248	-94.567220
1302.446060	-100.006220
1302.455871	-72.925880
1302.465683	-64.808540
1302.475495	-67.428080
1302.485308	-92.394560
1302.495120	-100.006220
1302.504933	-100.006220
1302.514745	-83.430500
1302.524558	-92.665040
1302.534371	-76.386260
1302.544184	-87.667040
1302.553998	-100.006220
1302.563811	-78.032660
1302.573625	-85.235660
1302.583438	-87.978680
1302.593252	-90.674660
1302.603066	-79.976000
1302.612881	-66.137420
1302.622695	-69.459620
1302.632509	-69.406700
1302.642324	-83.559860
1302.652139	-83.204120
1302.661954	-71.549960
1302.671769	-90.671720
1302.681584	-100.006220
1302.691399	-100.006220
1302.701215	-86.391080
1302.711031	-73.940180
1302.720846	-88.845980
1302.730662	-75.242600
1302.740478	-91.891820
1302.750295	-78.561860
1302.760111	-100.006220
1302.769928	-94.578980
1302.779744	-80.270000
1302.789561	-100.006220
1302.799378	-100.006220
1302.809195	-94.734800
1302.819013	-64.976120
1302.828830	-69.815360
1302.838648	-96.678140
1302.848465	-63.382640
1302.858283	-69.574280
1302.868101	-100.006220
1302.877920	-100.006220
1302.887738	-99.662240
1302.897556	-66.187400
1302.907375	-98.971340
1302.917194	-63.935360
1302.927013	-97.348460
1302.936832	-100.006220
1302.946651	-76.583240
1302.956470	-96.848660
1302.966290	-72.631880
1302.976109	-67.742660
1302.985929	-94.185020
1302.995749	-71.297120
1303.005569	-92.562140
1303.015390	-100.006220
1303.025210	-72.411380
1303.035030	-63.485540
1303.044851	-89.807360
1303.054672	-100.006220
1303.064493	-76.139300
1303.074314	-88.072760
1303.084135	-77.865080
1303.093957	-65.461220
1303.103778	-86.546900
1303.113600	-78.667700
1303.123422	-63.855980
1303.133244	-83.745080
1303.143066	-82.886600
1303.152889	-69.577220
1303.162711	-70.911980
1303.172534	-84.962240
1303.182356	-91.424360
1303.192179	-89.963180
1303.202002	-100.006220
1303.211826	-84.309560
1303.221649	-77.209460
1303.231473	-88.069820
1303.241296	-69.306740
1303.251120	-69.192080
1303.260944	-77.568140
1303.270768	-89.919080
1303.280592	-65.484740
1303.290417	-73.202240
1303.300241	-100.006220
1303.310066	-100.006220
1303.319891	-91.536080
1303.329716	-69.200900
1303.339541	-93.220700
1303.349366	-68.709920
1303.359192	-100.006220
1303.369017	-100.006220
1303.378843	-100.006220
1303.388669	-100.006220
1303.398495	-96.972140
1303.408321	-64.358720
1303.418147	-100.006220
1303.427974	-99.059540
1303.437800	-68.430620
1303.447627	-64.676240
1303.457454	-63.503180
1303.467281	-98.545040
1303.477108	-72.043880
1303.486936	-97.627760
1303.496763	-100.006220
1303.506591	-69.603680
1303.516419	-66.584300
1303.526247	-71.849840
1303.536075	-95.646200
1303.545903	-72.020360
1303.555731	-93.179540
1303.565560	-100.006220
1303.575389	-71.717540
1303.585217	-90.821660
1303.595046	-100.006220
1303.604876	-73.369820
1303.614705	-88.907720
1303.624534	-81.054980
1303.634364	-90.809900
1303.644194	-100.006220
1303.654024	-100.006220
1303.663854	-78.508940
1303.673684	-86.138240
1303.683514	-82.719020
1303.693345	-67.336940
1303.703175	-64.646840
1303.713006	-83.183540
1303.722837	-81.122600
1303.732668	-66.972380
1303.742499	-84.606500
1303.752330	-100.006220
1303.762162	-100.006220
1303.771994	-85.453220
1303.781825	-64.640960
1303.791657	-77.153600
1303.801490	-86.967320
1303.811322	-64.385180
1303.821154	-75.030920
1303.830987	-100.006220
1303.840819	-100.006220
1303.850652	-90.413000
1303.860485	-76.189280
1303.870318	-91.003940
1303.880152	-73.687340
1303.889985	-91.247960
1303.899819	-63.362060
1303.909652	-69.374360
1303.919486	-76.894880
1303.929320	-93.852800
1303.939155	-62.953400
1303.948989	-74.736920
1303.958823	-100.006220
1303.968658	-96.581120
1303.978493	-66.454940
1303.988328	-73.702040
1303.998163	-64.229360
1304.007998	-100.006220
1304.017833	-99.656360
1304.027669	-65.064320
1304.037504	-64.449860
1304.047340	-98.583260
1304.057176	-73.199300
1304.067012	-98.030540
1304.076849	-100.006220
1304.086685	-67.945520
1304.096522	-95.684420
1304.106358	-68.471780
1304.116195	-94.570160
1304.126032	-69.594860
1304.135869	-93.411800
1304.145707	-73.602080
1304.155544	-92.744420
1304.165382	-100.006220
1304.175219	-100.006220
1304.185057	-75.845300
1304.194895	-66.781280
1304.204733	-89.972000
1304.214572	-100.006220
1304.224410	-100.006220
1304.234249	-75.224960
1304.244088	-86.282300
1304.253927	-77.965040
1304.263766	-84.150800
1304.273605	-98.668520
1304.283444	-84.100820
1304.293284	-67.801460
1304.303123	-83.994980
1304.312963	-100.006220
1304.322803	-100.006220
1304.332643	-84.724100
1304.342484	-69.741860
1304.352324	-84.203720
1304.362165	-87.255440
1304.372005	-69.806540
1304.381846	-81.554780
1304.391687	-87.555320
1304.401528	-67.757360
1304.411370	-78.532460
1304.421211	-89.548640
1304.431053	-69.821240
1304.440894	-68.465900
1304.450736	-66.769520
1304.460578	-76.286300
1304.470421	-90.427700
1304.480263	-63.794240
1304.490105	-70.903160
1304.499948	-91.977080
1304.509791	-71.170700
1304.519634	-93.311840
1304.529477	-72.561320
1304.539320	-100.006220
1304.549164	-100.006220
1304.559007	-95.264000
1304.568851	-63.938300
1304.578695	-67.019420
1304.588539	-70.203440
1304.598383	-97.263200
1304.608227	-60.892460
1304.618071	-63.920660
1304.627916	-99.288860
1304.637761	-64.152920
1304.647606	-99.647540
1304.657451	-71.641100
1304.667296	-98.847860
1304.677141	-66.266780
1304.686986	-97.166180
1304.696832	-100.006220
1304.706678	-100.006220
1304.716524	-68.439440
1304.726370	-95.343380
1304.736216	-100.006220
1304.746062	-72.440780
1304.755909	-72.578960
1304.765756	-72.952340
1304.775602	-67.986680
1304.785449	-67.281080
1304.795296	-65.531780
1304.805144	-74.175380
1304.814991	-93.908660
1304.824839	-100.006220
1304.834686	-100.006220
1304.844534	-100.006220
1304.854382	-75.192620
1304.864230	-87.043760
1304.874079	-100.006220
1304.883927	-79.532060
1304.893776	-65.428880
1304.903624	-85.776620
1304.913473	-82.810160
1304.923322	-69.562520
1304.933171	-85.714880
1304.943021	-92.265200
1304.952870	-73.599140
1304.962720	-66.878300
1304.972570	-85.238600
1304.982419	-82.789580
1304.992270	-72.517220
1305.002120	-90.351260
1305.011970	-85.259180
1305.021821	-79.773140
1305.031671	-87.052580
1305.041522	-67.519220
1305.051373	-66.207980
1305.061224	-76.774340
1305.071075	-88.093340
1305.080927	-75.457220
1305.090778	-100.006220
1305.100630	-89.472200
1305.110482	-73.851980
1305.120334	-91.721300
1305.130186	-68.542340
1305.140038	-74.319440
1305.149891	-100.006220
1305.159744	-100.006220
1305.169596	-100.006220
1305.179449	-93.361820
1305.189302	-67.175240
1305.199155	-94.596620
1305.209009	-68.630540
1305.218862	-100.006220
1305.228716	-95.772620
1305.238570	-64.596860
1305.248424	-100.006220
1305.258278	-100.006220
1305.268132	-99.030140
1305.277986	-75.201440
1305.287841	-62.544740
1305.297696	-68.598200
1305.307550	-67.045880
1305.317405	-73.019960
1305.327260	-98.936060
1305.337116	-100.006220
1305.346971	-100.006220
1305.356827	-71.544080
1305.366682	-72.205580
1305.376538	-68.148380
1305.386394	-95.787320
1305.396251	-100.006220
1305.406107	-100.006220
1305.415963	-68.198360
1305.425820	-92.726780
1305.435677	-79.696700
1305.445534	-71.961560
1305.455391	-77.385860
1305.465248	-69.394940
1305.475105	-91.242080
1305.484963	-79.146920
1305.494820	-71.079560
1305.504678	-78.282560
1305.514536	-70.950200
1305.524394	-88.778360
1305.534253	-100.006220
1305.544111	-100.006220
1305.553970	-79.514420
1305.563828	-87.320120
1305.573687	-100.006220
1305.583546	-79.226300
1305.593405	-66.025700
1305.603265	-85.464980
1305.613124	-100.006220
1305.622984	-81.331340
1305.632843	-83.095340
1305.642703	-100.006220
1305.652563	-100.006220
1305.662423	-100.006220
1305.672284	-83.506940
1305.682144	-63.844220
1305.692005	-79.179260
1305.701866	-85.782500
1305.711727	-79.193960
1305.721588	-85.970660
1305.731449	-77.335880
1305.741310	-100.006220
1305.751172	-88.796000
1305.761034	-67.278140
1305.770895	-78.082640
1305.780757	-91.280300
1305.790619	-79.355660
1305.800482	-100.006220
1305.810344	-90.745220
1305.820207	-67.087040
1305.830069	-73.249280
1305.839932	-66.975320
1305.849795	-67.034120
1305.859659	-75.113240
1305.869522	-93.885140
1305.879385	-65.655260
1305.889249	-69.415520
1305.899113	-95.754980
1305.908977	-73.593260
1305.918841	-98.156960
1305.928705	-84.879920
1305.938569	-97.633640
1305.948434	-73.031720
1305.958298	-66.904760
1305.968163	-98.286320
1305.978028	-65.625860
1305.987893	-67.481000
1305.997759	-100.006220
1306.007624	-66.260900
1306.017489	-99.324140
1306.027355	-64.017680
1306.037221	-98.133440
1306.047087	-69.841820
1306.056953	-69.932960
1306.066820	-70.559180
1306.076686	-65.746400
1306.086553	-95.831420
1306.096419	-100.006220
1306.106286	-66.501980
1306.116153	-93.699920
1306.126020	-69.427280
1306.135888	-93.373580
1306.145755	-69.621320
1306.155623	-92.503340
1306.165491	-74.451740
1306.175359	-67.630940
1306.185227	-92.265200
1306.195095	-73.017020
1306.204963	-90.157220
1306.214832	-74.816300
1306.224701	-69.300860
1306.234569	-91.121540
1306.244438	-75.036800
1306.254308	-65.546480
1306.264177	-88.452020
1306.274046	-79.846640
1306.283916	-67.960220
1306.293786	-87.496520
1306.303655	-79.173380
1306.313525	-85.176860
1306.323396	-100.006220
1306.333266	-100.006220
1306.343136	-80.728640
1306.353007	-63.905960
1306.362878	-82.230980
1306.372749	-83.345240
1306.382620	-64.658600
1306.392491	-80.175920
1306.402362	-88.305020
1306.412234	-86.314640
1306.422106	-85.632560
1306.431977	-69.336140
1306.441849	-83.477540
1306.451721	-85.817780
1306.461594	-78.370760
1306.471466	-85.635500
1306.481339	-63.123920
1306.491211	-77.071280
1306.501084	-92.612120
1306.510957	-85.438520
1306.520830	-90.774620
1306.530704	-79.158680
1306.540577	-88.901840
1306.550451	-72.049760
1306.560325	-91.747760
1306.570198	-76.186340
1306.580073	-91.953560
1306.589947	-74.172440
1306.599821	-100.006220
1306.609696	-92.923760
1306.619570	-71.326520
1306.629445	-100.006220
1306.639320	-94.787720
1306.649195	-66.854780
1306.659070	-68.486480
1306.668946	-95.222840
1306.678821	-67.619180
1306.688697	-96.584060
1306.698573	-68.848100
1306.708449	-97.183820
1306.718325	-62.097860
1306.728201	-100.006220
1306.738078	-98.915480
1306.747954	-64.355780
1306.757831	-88.410860
1306.767708	-100.006220
1306.777585	-100.006220
1306.787462	-64.646840
1306.797340	-98.562680
1306.807217	-69.727160
1306.817095	-98.095220
1306.826972	-66.528440
1306.836850	-66.105080
1306.846728	-96.634040
1306.856607	-72.132080
1306.866485	-70.956080
1306.876364	-76.392140
1306.886242	-74.575220
1306.896121	-66.604880
1306.906000	-94.102700
1306.915879	-71.564660
1306.925759	-93.070760
1306.935638	-100.006220
1306.945518	-100.006220
1306.955397	-100.006220
1306.965277	-72.284960
1306.975157	-65.364200
1306.985037	-66.011000
1306.994918	-90.492380
1307.004798	-100.006220
1307.014679	-75.613040
1307.024560	-89.204660
1307.034440	-100.006220
1307.044322	-100.006220
1307.054203	-100.006220
1307.064084	-77.765120
1307.073966	-86.943800
1307.083847	-100.006220
1307.093729	-76.909580
1307.103611	-84.224300
1307.113493	-100.006220
1307.123376	-78.620660
1307.133258	-83.498120
1307.143140	-79.352720
1307.153023	-65.546480
1307.162906	-84.782900
1307.172789	-83.456960
1307.182672	-63.412040
1307.192556	-79.561460
1307.202439	-100.006220
1307.212323	-84.627080
1307.222206	-81.619460
1307.232090	-83.748020
1307.241974	-78.944060
1307.251859	-100.006220
1307.261743	-100.006220
1307.271627	-89.910260
1307.281512	-69.733040
1307.291397	-76.424480
1307.301282	-88.116860
1307.311167	-78.209060
1307.321052	-88.943000
1307.330938	-77.541680
1307.340823	-100.006220
1307.350709	-100.006220
1307.360595	-91.833020
1307.370481	-70.168160
1307.380367	-75.127940
1307.390253	-89.919080
1307.400140	-70.520960
1307.410026	-96.160700
1307.419913	-86.958500
1307.429800	-93.908660
1307.439687	-76.780220
1307.449574	-100.006220
1307.459462	-95.555060
1307.469349	-75.239660
1307.479237	-78.835280
1307.489125	-100.006220
1307.499012	-95.284580
1307.508901	-63.964760
1307.518789	-66.096260
1307.528677	-69.788900
1307.538566	-96.951560
1307.548454	-68.780480
1307.558343	-100.006220
1307.568232	-98.248100
1307.578121	-66.222680
1307.588011	-99.006620
1307.597900	-67.304600
1307.607790	-99.674000
1307.617680	-66.822440
1307.627569	-99.674000
1307.637459	-65.043740
1307.647350	-98.580320
1307.657240	-100.006220
1307.667130	-65.178980
1307.677021	-97.413140
1307.686912	-67.960220
1307.696803	-96.872180
1307.706694	-69.700700
1307.716585	-96.301820
1307.726477	-76.597940
1307.736368	-96.548780
1307.746260	-100.006220
1307.756152	-72.731840
1307.766044	-94.811240
1307.775936	-74.675180
1307.785828	-66.869480
1307.795721	-93.273620
1307.805613	-71.091320
1307.815506	-91.953560
1307.825399	-100.006220
1307.835292	-100.006220
1307.845185	-100.006220
1307.855078	-75.580700
1307.864972	-64.123520
1307.874865	-89.660360
1307.884759	-73.713800
1307.894653	-88.363820
1307.904547	-77.985620
1307.914441	-66.443180
1307.924336	-65.611160
1307.934230	-69.262640
1307.944125	-89.619200
1307.954020	-79.743740
1307.963915	-64.773260
1307.973810	-85.532600
1307.983705	-78.373700
1307.993601	-85.223900
1308.003496	-82.169240
1308.013392	-86.782100
1308.023288	-82.360340
1308.033184	-66.990020
1308.043080	-84.468320
1308.052976	-100.006220
1308.062873	-100.006220
1308.072770	-83.850920
1308.082666	-83.850920
1308.092563	-100.006220
1308.102460	-82.733720
1308.112358	-68.298320
1308.122255	-85.597280
1308.132152	-86.152940
1308.142050	-70.315160
1308.151948	-68.304200
1308.161846	-77.870960
1308.171744	-100.006220
1308.181642	-84.147860
1308.191541	-75.424880
1308.201439	-86.326400
1308.211338	-76.712600
1308.221237	-100.006220
1308.231136	-86.476340
1308.241035	-73.346300
1308.250934	-88.801880
1308.260834	-65.308340
1308.270734	-76.186340
1308.280633	-89.910260
1308.290533	-64.543940
1308.300433	-72.964100
1308.310334	-91.891820
1308.320234	-68.601140
1308.330134	-67.886720
1308.340035	-68.945120
1308.349936	-80.240600
1308.359837	-100.006220
1308.369738	-94.587800
1308.379639	-72.323180
1308.389541	-65.046680
1308.399442	-70.938440
1308.409344	-80.716880
1308.419246	-69.971180
1308.429148	-75.530720
1308.439050	-65.499440
1308.448952	-70.994300
1308.458855	-96.034280
1308.468758	-70.221080
1308.478660	-96.442940
1308.488563	-67.234040
1308.498466	-100.006220
1308.508370	-97.395500
1308.518273	-63.073940
1308.528176	-71.561720
1308.538080	-98.806700
1308.547984	-69.821240
1308.557888	-64.735040
1308.567792	-67.375160
1308.577696	-65.899280
1308.587601	-99.665180
1308.597505	-100.006220
1308.607410	-66.942980
1308.617315	-98.642060
1308.627220	-63.994160
1308.637125	-70.550360
1308.647030	-98.271620
1308.656936	-100.006220
1308.666841	-67.425140
1308.676747	-64.585100
1308.686653	-96.113660
1308.696559	-70.779680
1308.706465	-68.163080
1308.716372	-69.524300
1308.726278	-64.270520
1308.736185	-94.146800
1308.746092	-78.964640
1308.755999	-76.759640
1308.765906	-95.887280
1308.775813	-100.006220
1308.785721	-78.461900
1308.795628	-94.420220
1308.805536	-71.488220
1308.815444	-91.962380
1308.825352	-77.532860
1308.835260	-92.909060
1308.845168	-100.006220
1308.855077	-100.006220
1308.864985	-74.110700
1308.874894	-90.074900
1308.884803	-73.349240
1308.894712	-88.743080
1308.904621	-76.136360
1308.914531	-64.470440
1308.924440	-88.493180
1308.934350	-84.059660
1308.944260	-69.774200
1308.954170	-67.536860
1308.964080	-88.499060
1308.973990	-78.297260
1308.983900	-67.251680
1308.993811	-67.651520
1309.003722	-86.899700
1309.013633	-100.006220
1309.023544	-100.006220
1309.033455	-81.728240
1309.043366	-68.368880
1309.053278	-86.044160
1309.063189	-84.080240
1309.073101	-70.412180
1309.083013	-85.841300
1309.092925	-81.213740
1309.102837	-64.987880
1309.112750	-64.476320
1309.122662	-81.107900
1309.132575	-82.586720
1309.142488	-81.519500
1309.152401	-85.188620
1309.162314	-82.980680
1309.172227	-84.250760
1309.182140	-64.879100
1309.192054	-79.711400
1309.201968	-86.079440
1309.211882	-80.772740
1309.221796	-86.167640
1309.231710	-65.087840
1309.241624	-77.638700
1309.251539	-85.467920
1309.261453	-64.782080
1309.271368	-80.017160
1309.281283	-100.006220
1309.291198	-86.793860
1309.301113	-63.118040
1309.311029	-76.415660
1309.320944	-100.006220
1309.330860	-100.006220
1309.340776	-100.006220
1309.350692	-100.006220
1309.360608	-100.006220
1309.370524	-100.006220
1309.380440	-100.006220
1309.390357	-90.551180
1309.400274	-74.090120
1309.410191	-100.006220
1309.420108	-91.994720
1309.430025	-69.565460
1309.439942	-84.159620
1309.449860	-100.006220
1309.459777	-100.006220
1309.469695	-93.073700
1309.479613	-71.929220
1309.489531	-93.073700
1309.499449	-68.424740
1309.509368	-95.728520
1309.519286	-77.547560
1309.529205	-100.006220
1309.539124	-96.381200
1309.549043	-74.207720
1309.558962	-73.978400
1309.568881	-68.027840
1309.578800	-65.658200
1309.588720	-69.759500
1309.598640	-96.722240
1309.608560	-66.787160
1309.618480	-100.006220
1309.628400	-100.006220
1309.638320	-97.733600
1309.648241	-69.145040
1309.658161	-98.453900
1309.668082	-68.901020
1309.678003	-67.986680
1309.687924	-63.170960
1309.697845	-100.006220
1309.707767	-99.676940
1309.717688	-67.134080
1309.727610	-99.676940
1309.737532	-68.148380
1309.747454	-99.356480
1309.757376	-62.553560
1309.767298	-98.462720
1309.777221	-63.541400
1309.787143	-65.872820
1309.797066	-97.974680
1309.806989	-100.006220
1309.816912	-100.006220
1309.826835	-100.006220
1309.836758	-100.006220
1309.846682	-70.594460
1309.856606	-64.214660
1309.866529	-95.666780
1309.876453	-69.065660
1309.886377	-62.097860
1309.896302	-66.607820
1309.906226	-95.117000
1309.916151	-69.838880
1309.926075	-94.261460
1309.936000	-69.871220
1309.945925	-69.897680
1309.955850	-66.681320
1309.965776	-77.665160
1309.975701	-96.104840
1309.985627	-75.795320
1309.995552	-68.436500
1310.005478	-93.006080
1310.015404	-84.256640
1310.025330	-77.379980
1310.035257	-94.179140
1310.045183	-76.251020
1310.055110	-91.771280
1310.065037	-100.006220
1310.074964	-100.006220
1310.084891	-82.360340
1310.094818	-92.900240
1310.104745	-77.282960
1310.114673	-90.083720
1310.124601	-100.006220
1310.134529	-74.093060
1310.144457	-87.614120
1310.154385	-100.006220
1310.164313	-78.244340
1310.174241	-66.237380
1310.184170	-66.722480
1310.194099	-88.202120
1310.204028	-79.787840
1310.213957	-88.131560
1310.223886	-100.006220
1310.233815	-79.096940
1310.243745	-86.638040
1310.253674	-79.149860
1310.263604	-85.756040
1310.273534	-79.887800
1310.283464	-85.438520
1310.293395	-79.182200
1310.303325	-83.933240
1310.313256	-81.669440
1310.323186	-85.270940
1310.333117	-100.006220
1310.343048	-100.006220
1310.352979	-80.578700
1310.362911	-68.468840
1310.372842	-87.137840
1310.382774	-86.817380
1310.392705	-73.193420
1310.402637	-78.644180
1310.412569	-92.224040
1310.422502	-81.384260
1310.432434	-79.831940
1310.442367	-100.006220
1310.452299	-85.800140
1310.462232	-67.084100
1310.472165	-66.475520
1310.482098	-82.498520
1310.492031	-84.159620
1310.501965	-63.394400
1310.511898	-78.291380
1310.521832	-100.006220
1310.531766	-100.006220
1310.541700	-100.006220
1310.551634	-88.019840
1310.561569	-68.227760
1310.571503	-79.296860
1310.581438	-86.223500
1310.591372	-65.049620
1310.601307	-80.134760
1310.611242	-100.006220
1310.621178	-86.661560
1310.631113	-74.839820
1310.641049	-90.577640
1310.650984	-80.863880
1310.660920	-89.198780
1310.670856	-77.041880
1310.680792	-100.006220
1310.690728	-97.563080
1310.700665	-86.546900
1310.710601	-81.654740
1310.720538	-100.006220
1310.730475	-90.668780
1310.740412	-69.330260
1310.750349	-82.398560
1310.760287	-90.195440
1310.770224	-71.708720
1310.780162	-90.662900
1310.790100	-64.723280
1310.800038	-69.859460
1310.809976	-72.984680
1310.819914	-100.006220
1310.829852	-100.006220
1310.839791	-91.935920
1310.849729	-62.982800
1310.859668	-68.233640
1310.869607	-74.101880
1310.879546	-100.006220
1310.889486	-93.720500
1310.899425	-65.584700
1310.909365	-69.318500
1310.919305	-74.995640
1310.929244	-69.735980
1310.939184	-72.581900
1310.949125	-95.646200
1310.959065	-68.601140
1310.969006	-71.282420
1310.978946	-94.875920
1310.988887	-64.873220
1310.998828	-100.006220
1311.008769	-100.006220
1311.018710	-96.501740
1311.028652	-64.979060
1311.038593	-68.374760
1311.048535	-100.006220
1311.058477	-97.342580
1311.068419	-66.837140
1311.078361	-70.162280
1311.088303	-100.006220
1311.098246	-97.780640
1311.108188	-64.749740
1311.118131	-100.006220
1311.128074	-98.909600
1311.138017	-64.570400
1311.147960	-98.862560
1311.157904	-62.627060
1311.167847	-99.876860
1311.177791	-87.167240
1311.187735	-100.006220
1311.197679	-100.006220
1311.207623	-64.155860
1311.217567	-68.624660
1311.227512	-99.380000
1311.237456	-65.546480
1311.247401	-69.662480
1311.257346	-99.100700
1311.267291	-100.006220
1311.277236	-69.033320
1311.287181	-63.656060
1311.297127	-97.812980
1311.307072	-100.006220
1311.317018	-100.006220
1311.326964	-100.006220
1311.336910	-100.006220
1311.346856	-68.871620
1311.356803	-96.928040
1311.366749	-68.601140
1311.376696	-96.554660
1311.386643	-77.565200
1311.396590	-97.233800
1311.406537	-77.188880
1311.416484	-69.383180
1311.426432	-96.254780
1311.436379	-100.006220
1311.446327	-100.006220
1311.456275	-69.556640
1311.466223	-94.696580
1311.476171	-71.276540
1311.486119	-70.764980
1311.496068	-95.466860
1311.506017	-100.006220
1311.515965	-71.879240
1311.525914	-67.089980
1311.535863	-64.884980
1311.545813	-66.743060
1311.555762	-93.794000
1311.565712	-100.006220
1311.575661	-100.006220
1311.585611	-71.026640
1311.595561	-91.935920
1311.605511	-100.006220
1311.615462	-100.006220
1311.625412	-100.006220
1311.635363	-70.341620
1311.645314	-90.759920
1311.655264	-76.524440
1311.665216	-67.022360
1311.675167	-91.621340
1311.685118	-72.793580
1311.695070	-75.907040
1311.705021	-70.615040
1311.714973	-91.148000
1311.724925	-74.595800
1311.734877	-89.772080
1311.744829	-100.006220
1311.754782	-100.006220
1311.764734	-76.021700
1311.774687	-89.727980
1311.784640	-76.242200
1311.794593	-89.483960
1311.804546	-76.112840
1311.814500	-69.145040
1311.824453	-67.942580
1311.834407	-73.052300
1311.844360	-91.944740
1311.854314	-79.014620
1311.864268	-64.296980
1311.874223	-71.132480
1311.884177	-70.350440
1311.894132	-66.525500
1311.904086	-72.337880
1311.914041	-91.071560
1311.923996	-83.595140
1311.933951	-69.330260
1311.943907	-68.921600
1311.953862	-71.658740
1311.963818	-89.263460
1311.973773	-78.664760
1311.983729	-86.011820
1311.993685	-81.184340
1312.003642	-87.458300
1312.013598	-78.411920
1312.023554	-85.000460
1312.033511	-80.608100
1312.043468	-65.237780
1312.053425	-66.769520
1312.063382	-86.223500
1312.073339	-81.569480
1312.083297	-64.970240
1312.093254	-67.539800
1312.103212	-86.952620
1312.113170	-100.006220
1312.123128	-81.263720
1312.133086	-84.042020
1312.143044	-84.130220
1312.153003	-86.188220
1312.162961	-81.293120
1312.172920	-83.412860
1312.182879	-100.006220
1312.192838	-84.612380
1312.202797	-85.500260
1312.212757	-81.396020
1312.222716	-81.396020
1312.232676	-100.006220
1312.242636	-100.006220
1312.252596	-81.460700
1312.262556	-63.585500
1312.272516	-63.588440
1312.282476	-80.199440
1312.292437	-100.006220
1312.302398	-82.554380
1312.312359	-79.955420
1312.322320	-84.565340
1312.332281	-64.082360
1312.342242	-78.726500
1312.352204	-100.006220
1312.362165	-85.570820
1312.372127	-67.092920
1312.382089	-66.378500
1312.392051	-70.979600
1312.402013	-86.476340
1312.411976	-100.006220
1312.421938	-83.994980
1312.431901	-67.763240
1312.441864	-85.303280
1312.451827	-84.189020
1312.461790	-77.247680
1312.471753	-89.257580
1312.481717	-74.692820
1312.491680	-71.156000
1312.501644	-78.297260
1312.511608	-85.467920
1312.521572	-77.268260
1312.531536	-89.069420
1312.541501	-70.127000
1312.551465	-68.445320
1312.561430	-69.168560
1312.571395	-68.995100
1312.581360	-82.868960
1312.591325	-100.006220
1312.601290	-88.302080
1312.611256	-65.467100
1312.621221	-75.219080
1312.631187	-92.100560
1312.641153	-78.164960
1312.651119	-86.502800
1312.661085	-100.006220
1312.671051	-100.006220
1312.681018	-88.731320
1312.690984	-69.344960
1312.700951	-84.000860
1312.710918	-100.006220
1312.720885	-88.431440
1312.730852	-65.331860
1312.740820	-67.719140
1312.750787	-66.419660
1312.760755	-77.747480
1312.770723	-93.841040
1312.780691	-85.415000
1312.790659	-100.006220
1312.800627	-100.006220
1312.810596	-100.006220
1312.820564	-91.533140
1312.830533	-69.392000
1312.840502	-75.510140
1312.850471	-89.989640
1312.860440	-74.248880
1312.870410	-91.197980
1312.880379	-76.186340
1312.890349	-89.933780
1312.900319	-63.773660
1312.910289	-68.992160
1312.920259	-74.240060
1312.930229	-70.691480
1312.940199	-76.112840
1312.950170	-100.006220
1312.960141	-100.006220
1312.970112	-91.239140
1312.980083	-72.243800
1312.990054	-100.006220
1313.000025	-91.862420
1313.009997	-67.037060
1313.019968	-77.121260
1313.029940	-100.006220
1313.039912	-100.006220
1313.049884	-100.006220
1313.059856	-92.376920
1313.069829	-64.017680
1313.079801	-72.584840
1313.089774	-94.393760
1313.099747	-77.550500
1313.109720	-92.826740
1313.119693	-66.969440
1313.129666	-70.497440
1313.139640	-72.828860
1313.149613	-96.819260
1313.159587	-86.420480
1313.169561	-100.006220
1313.179535	-93.270680
1313.189509	-69.318500
1313.199483	-93.100160
1313.209458	-62.677040
1313.219433	-68.418860
1313.229407	-77.535800
1313.239382	-100.006220
1313.249357	-93.711680
1313.259333	-68.909840
1313.269308	-94.699520
1313.279284	-71.805740
1313.289259	-100.006220
1313.299235	-94.320260
1313.309211	-69.800660
1313.319187	-95.361020
1313.329164	-68.410040
1313.339140	-69.809480
1313.349117	-100.006220
1313.359094	-100.006220
1313.369071	-95.916680
1313.379048	-74.875100
1313.389025	-100.006220
1313.399002	-95.369840
1313.408980	-68.971580
1313.418958	-100.006220
1313.428935	-100.006220
1313.438913	-100.006220
1313.448892	-100.006220
1313.458870	-100.006220
1313.468848	-95.702060
1313.478827	-64.552760
1313.488806	-71.450000
1313.498785	-96.704600
1313.508764	-72.999380
1313.518743	-96.725180
1313.528722	-73.161080
1313.538702	-96.498800
1313.548681	-64.643900
1313.558661	-65.434760
1313.568641	-100.006220
1313.578621	-96.431180
1313.588602	-65.452400
1313.598582	-76.653800
1313.608563	-66.793040
1313.618543	-68.483540
1313.628524	-100.006220
1313.638505	-97.404320
1313.648486	-70.091720
1313.658468	-96.930980
1313.668449	-64.247000
1313.678431	-100.006220
1313.688413	-97.992320
1313.698394	-70.588580
1313.708377	-64.676240
1313.718359	-100.006220
1313.728341	-97.683620
1313.738324	-62.324240
1313.748306	-79.790780
1313.758289	-100.006220
1313.768272	-100.006220
1313.778255	-98.656760
1313.788239	-73.625600
1313.798222	-84.509480
1313.808206	-71.479400
1313.818190	-77.938580
1313.828173	-100.006220
1313.838158	-98.556800
1313.848142	-65.549420
1313.858126	-100.006220
1313.868111	-98.618540
1313.878095	-65.211320
1313.888080	-63.691340
1313.898065	-100.006220
1313.908050	-100.006220
1313.918035	-98.997800
1313.928021	-66.454940
1313.938006	-68.477660
1313.947992	-72.229100
1313.957978	-99.285920
1313.967964	-75.977600
1313.977950	-76.130480
1313.987937	-98.909600
1313.997923	-64.197020
1314.007910	-99.412340
1314.017897	-70.103480
1314.027884	-61.180580
1314.037871	-99.238880
1314.047858	-62.433020
1314.057845	-99.638720
1314.067833	-63.626660
1314.077821	-99.285920
1314.087808	-64.382240
1314.097796	-100.006220
1314.107785	-100.006220
1314.117773	-72.035060
1314.127761	-71.946860
1314.137750	-100.006220
1314.147739	-100.006220
1314.157728	-62.259560
1314.167717	-100.006220
1314.177706	-100.006220
1314.187695	-100.006220
1314.197685	-62.415380
1314.207674	-64.117640
1314.217664	-100.006220
1314.227654	-100.006220
1314.237644	-64.394000
1314.247635	-70.570940
1314.257625	-99.712220
1314.267616	-69.139160
1314.277606	-62.336000
1314.287597	-99.629900
1314.297588	-100.006220
1314.307580	-100.006220
1314.317571	-72.284960
1314.327562	-67.819100
1314.337554	-99.362360
1314.347546	-63.617840
1314.357538	-99.271220
1314.367530	-79.629080
1314.377522	-99.591680
1314.387515	-64.814420
1314.397507	-99.288860
1314.407500	-67.328120
1314.417493	-99.338840
1314.427486	-66.216800
1314.437479	-99.318260
1314.447472	-76.486220
1314.457466	-99.527000
1314.467459	-67.072340
1314.477453	-66.916520
1314.487447	-70.174040
1314.497441	-99.112460
1314.507435	-69.297920
1314.517430	-71.779280
1314.527424	-65.170160
1314.537419	-98.956640
1314.547414	-100.006220
1314.557409	-100.006220
1314.567404	-67.081160
1314.577399	-62.803460
1314.587395	-98.889020
1314.597390	-100.006220
1314.607386	-100.006220
1314.617382	-67.295780
1314.627378	-67.757360
1314.637374	-98.718500
1314.647371	-64.685060
1314.657367	-66.313820
1314.667364	-98.662640
1314.677361	-72.079160
1314.687358	-99.141860
1314.697355	-100.006220
1314.707352	-62.321300
1314.717349	-98.453900
1314.727347	-67.251680
1314.737345	-83.809760
1314.747343	-65.522960
1314.757341	-98.595020
1314.767339	-100.006220
1314.777337	-100.006220
1314.787336	-67.628000
1314.797334	-98.994860
1314.807333	-81.590060
1314.817332	-63.661940
1314.827331	-98.524460
1314.837330	-62.665280
1314.847330	-98.450960
1314.857329	-100.006220
1314.867329	-100.006220
1314.877329	-63.467900
1314.887329	-98.500940
1314.897329	-100.006220
1314.907329	-100.006220
1314.917330	-100.006220
1314.927331	-100.006220
1314.937331	-69.483140
1314.947332	-66.049220
1314.957333	-64.155860
1314.967335	-98.568560
1314.977336	-68.127800
1314.987337	-71.714600
1314.997339	-63.703100
1315.007341	-79.799600
1315.017343	-68.777540
1315.027345	-98.742020
1315.037347	-62.556500
1315.047350	-74.075420
1315.057352	-77.579900
1315.067355	-64.726220
1315.077358	-98.580320
1315.087361	-100.006220
1315.097364	-61.656860
1315.107368	-98.424500
1315.117371	-100.006220
1315.127375	-100.006220
1315.137379	-100.006220
1315.147383	-67.816160
1315.157387	-61.974380
1315.167391	-98.862560
1315.177396	-69.571340
1315.187400	-69.994700
1315.197405	-99.106580
1315.207410	-61.821500
1315.217415	-74.930960
1315.227420	-99.268280
1315.237425	-73.525640
1315.247431	-99.188900
1315.257436	-69.018620
1315.267442	-90.668780
1315.277448	-78.282560
1315.287454	-99.565220
1315.297461	-66.210920
1315.307467	-98.971340
1315.317473	-100.006220
1315.327480	-65.590580
1315.337487	-99.297680
1315.347494	-100.006220
1315.357501	-62.659400
1315.367509	-69.921200
1315.377516	-99.409400
1315.387524	-60.739580
1315.397531	-99.206540
1315.407539	-60.530840
1315.417547	-99.209480
1315.427556	-63.279740
1315.437564	-99.265340
1315.447573	-76.312760
1315.457581	-78.350180
1315.467590	-78.867620
1315.477599	-99.794540
1315.487608	-100.006220
1315.497618	-62.741720
1315.507627	-99.629900
1315.517637	-100.006220
1315.527646	-67.642700
1315.537656	-100.006220
1315.547666	-100.006220
1315.557677	-68.577620
1315.567687	-100.006220
1315.577697	-65.731700
1315.587708	-64.882040
1315.597719	-100.006220
1315.607730	-100.006220
1315.617741	-100.006220
1315.627752	-64.558640
1315.637764	-100.006220
1315.647775	-61.947920
1315.657787	-100.006220
1315.667799	-100.006220
1315.677811	-99.750440
1315.687823	-74.390000
1315.697835	-64.255820
1315.707848	-99.262400
1315.717861	-63.135680
1315.727873	-99.330020
1315.737886	-66.907700
1315.747899	-100.006220
1315.757913	-99.441740
1315.767926	-72.608360
1315.777940	-100.006220
1315.787953	-99.062480
1315.797967	-68.545280
1315.807981	-67.551560
1315.817996	-68.489420
1315.828010	-64.176440
1315.838024	-100.006220
1315.848039	-98.577380
1315.858054	-65.346560
1315.868069	-100.006220
1315.878084	-100.006220
1315.888099	-98.718500
1315.898114	-67.704440
1315.908130	-67.630940
1315.918146	-98.556800
1315.928161	-63.882440
1315.938177	-67.016480
1315.948194	-68.927480
1315.958210	-65.173100
1315.968226	-98.539160
1315.978243	-72.099740
1315.988260	-98.156960
1315.998277	-69.912380
1316.008294	-80.402300
1316.018311	-64.776200
1316.028328	-97.701260
1316.038346	-61.889120
1316.048364	-66.096260
1316.058381	-64.861460
1316.068399	-67.642700
1316.078418	-75.739460
1316.088436	-97.539560
1316.098454	-67.586840
1316.108473	-97.836500
1316.118492	-68.933360
1316.128511	-68.004320
1316.138530	-68.442380
1316.148549	-97.583660
1316.158568	-75.230840
1316.168588	-100.006220
1316.178607	-97.942340
1316.188627	-79.135160
1316.198647	-97.910000
1316.208667	-75.665960
1316.218687	-69.647780
1316.228708	-100.006220
1316.238728	-96.772220
1316.248749	-73.552100
1316.258770	-96.895700
1316.268791	-74.839820
1316.278812	-96.107780
1316.288834	-64.899680
1316.298855	-67.842620
1316.308877	-73.528580
1316.318899	-100.006220
1316.328921	-100.006220
1316.338943	-96.357680
1316.348965	-69.553700
1316.358987	-68.307140
1316.369010	-67.304600
1316.379033	-100.006220
1316.389055	-100.006220
1316.399078	-95.334560
1316.409102	-71.300060
1316.419125	-95.593280
1316.429148	-73.202240
1316.439172	-95.319860
1316.449196	-71.544080
1316.459220	-94.387880
1316.469244	-68.168960
1316.479268	-100.006220
1316.489293	-100.006220
1316.499317	-94.038020
1316.509342	-69.048020
1316.519367	-100.006220
1316.529392	-100.006220
1316.539417	-94.878860
1316.549442	-69.882980
1316.559468	-75.442520
1316.569493	-92.959040
1316.579519	-67.895540
1316.589545	-93.873380
1316.599571	-72.411380
1316.609597	-93.388280
1316.619624	-65.367140
1316.629650	-72.949400
1316.639677	-100.006220
1316.649704	-92.747360
1316.659731	-63.770720
1316.669758	-71.200100
1316.679785	-92.641520
1316.689812	-72.302600
1316.699840	-97.648340
1316.709868	-84.885800
1316.719896	-70.262240
1316.729924	-74.519360
1316.739952	-100.006220
1316.749980	-93.161900
1316.760009	-77.091860
1316.770038	-92.700320
1316.780066	-75.862940
1316.790095	-100.006220
1316.800124	-100.006220
1316.810154	-92.373980
1316.820183	-66.701900
1316.830213	-71.646980
1316.840243	-100.006220
1316.850272	-91.591940
1316.860302	-76.059920
1316.870333	-100.006220
1316.880363	-92.509220
1316.890394	-69.400820
1316.900424	-74.178320
1316.910455	-100.006220
1316.920486	-90.465920
1316.930517	-66.992960
1316.940548	-78.194360
1316.950580	-100.006220
1316.960611	-93.929240
1316.970643	-76.642040
1316.980675	-79.529120
1316.990707	-88.669580
1317.000739	-73.552100
1317.010771	-89.675060
1317.020804	-77.012480
1317.030837	-100.006220
1317.040869	-89.954360
1317.050902	-78.644180
1317.060935	-90.080780
1317.070969	-67.189940
1317.081002	-75.574820
1317.091036	-87.969860
1317.101069	-75.933500
1317.111103	-88.587260
1317.121137	-65.093720
1317.131171	-75.263180
1317.141206	-88.440260
1317.151240	-67.336940
1317.161275	-68.768720
1317.171310	-72.317300
1317.181345	-84.956360
1317.191380	-87.478880
1317.201415	-65.690540
1317.211450	-78.250220
1317.221486	-87.843440
1317.231522	-67.142900
1317.241557	-65.517080
1317.251593	-78.741200
1317.261630	-86.211740
1317.271666	-78.432500
1317.281702	-92.544500
1317.291739	-78.897020
1317.301776	-71.294180
1317.311813	-79.464440
1317.321850	-100.006220
1317.331887	-100.006220
1317.341924	-84.562400
1317.351962	-67.748540
1317.362000	-70.429820
1317.372037	-80.996180
1317.382075	-87.393620
1317.392114	-69.794780
1317.402152	-82.774880
1317.412190	-100.006220
1317.422229	-100.006220
1317.432268	-100.006220
1317.442307	-84.762320
1317.452346	-65.023160
1317.462385	-80.361140
1317.472424	-81.939920
1317.482464	-80.017160
1317.492503	-85.926560
1317.502543	-84.753500
1317.512583	-84.265460
1317.522623	-83.624540
1317.532664	-100.006220
1317.542704	-100.006220
1317.552745	-82.466180
1317.562785	-65.261300
1317.572826	-83.483420
1317.582867	-100.006220
1317.592909	-100.006220
1317.602950	-100.006220
1317.612992	-100.006220
1317.623033	-79.082240
1317.633075	-81.795860
1317.643117	-100.006220
1317.653159	-84.000860
1317.663201	-66.895940
1317.673244	-62.606480
1317.683286	-83.186480
1317.693329	-83.812700
1317.703372	-87.570020
1317.713415	-100.006220
1317.723458	-86.111780
1317.733502	-68.236580
1317.743545	-65.805200
1317.753589	-64.814420
1317.763633	-85.065140
1317.773677	-100.006220
1317.783721	-77.994440
1317.793765	-85.697240
1317.803809	-76.800800
1317.813854	-85.550240
1317.823899	-87.593540
1317.833944	-71.511740
1317.843989	-87.543560
1317.854034	-77.700440
1317.864079	-66.701900
1317.874125	-63.706040
1317.884170	-86.094140
1317.894216	-100.006220
1317.904262	-84.197840
1317.914308	-91.862420
1317.924354	-75.145580
1317.934401	-67.986680
1317.944447	-74.663420
1317.954494	-92.553320
1317.964541	-76.971320
1317.974588	-64.129400
1317.984635	-82.848380
1317.994683	-81.951680
1318.004730	-72.061520
1318.014778	-70.274000
1318.024825	-68.692280
1318.034873	-91.027460
1318.044921	-75.748280
1318.054970	-64.217600
1318.065018	-90.074900
1318.075067	-71.720480
1318.085115	-62.003780
1318.095164	-90.524720
1318.105213	-100.006220
1318.115262	-73.851980
1318.125312	-91.747760
1318.135361	-72.340820
1318.145411	-64.249940
1318.155461	-92.182880
1318.165511	-72.875900
1318.175561	-66.651920
1318.185611	-93.082520
1318.195661	-72.155600
1318.205712	-92.956100
1318.215763	-100.006220
1318.225813	-70.547420
1318.235864	-70.106420
1318.245916	-94.878860
1318.255967	-100.006220
1318.266018	-100.006220
1318.276070	-69.774200
1318.286122	-94.179140
1318.296174	-100.006220
1318.306226	-68.077820
1318.316278	-94.749500
1318.326330	-73.690280
1318.336383	-96.075440
1318.346436	-70.582700
1318.356489	-95.660900
1318.366542	-69.356720
1318.376595	-96.175400
1318.386648	-100.006220
1318.396701	-100.006220
1318.406755	-68.313020
1318.416809	-96.872180
1318.426863	-69.500780
1318.436917	-97.686560
1318.446971	-66.102140
1318.457025	-97.454300
1318.467080	-100.006220
1318.477135	-67.783820
1318.487190	-65.131940
1318.497245	-69.783020
1318.507300	-98.806700
1318.517355	-74.516420
1318.527410	-70.750280
1318.537466	-99.421160
1318.547522	-64.247000
1318.557578	-99.644600
1318.567634	-65.208380
1318.577690	-69.365540
1318.587746	-100.006220
1318.597803	-64.505720
1318.607860	-64.050020
1318.617916	-99.330020
1318.627973	-66.096260
1318.638031	-66.816560
1318.648088	-98.680280
1318.658145	-67.169360
1318.668203	-74.228300
1318.678261	-97.892360
1318.688319	-65.243660
1318.698377	-73.410980
1318.708435	-97.195580
1318.718493	-67.675040
1318.728552	-96.983900
1318.738610	-65.619980
1318.748669	-100.006220
1318.758728	-100.006220
1318.768787	-96.372380
1318.778847	-67.710320
1318.788906	-72.693620
1318.798966	-69.885920
1318.809025	-100.006220
1318.819085	-95.022920
1318.829145	-69.389060
1318.839206	-95.011160
1318.849266	-67.016480
1318.859327	-68.721680
1318.869387	-68.471780
1318.879448	-72.620120
1318.889509	-100.006220
1318.899570	-93.323600
1318.909631	-71.861600
1318.919693	-92.847320
1318.929754	-71.732240
1318.939816	-92.712080
1318.949878	-72.908240
1318.959940	-92.826740
1318.970002	-67.654460
1318.980065	-72.517220
1318.990127	-90.627620
1319.000190	-71.867480
1319.010253	-90.445340
1319.020316	-63.459080
1319.030379	-73.810820
1319.040442	-92.929640
1319.050506	-72.185000
1319.060569	-67.495700
1319.070633	-80.170040
1319.080697	-88.587260
1319.090761	-63.923600
1319.100825	-70.332800
1319.110889	-71.796920
1319.120954	-65.858120
1319.131019	-77.738660
1319.141083	-89.151740
1319.151148	-79.252760
1319.161214	-86.937920
1319.171279	-67.401620
1319.181344	-83.609840
1319.191410	-100.006220
1319.201476	-87.026120
1319.211541	-79.167500
1319.221607	-100.006220
1319.231674	-100.006220
1319.241740	-100.006220
1319.251807	-87.761120
1319.261873	-68.836340
1319.271940	-71.208920
1319.282007	-71.699900
1319.292074	-80.411120
1319.302141	-100.006220
1319.312209	-100.006220
1319.322276	-100.006220
1319.332344	-85.697240
1319.342412	-66.825380
1319.352480	-66.416720
1319.362548	-83.627480
1319.372617	-82.289780
1319.382685	-64.302860
1319.392754	-82.380920
1319.402823	-82.707260
1319.412892	-83.724500
1319.422961	-100.006220
1319.433030	-100.006220
1319.443099	-80.752160
1319.453169	-83.959700
1319.463239	-84.630020
1319.473309	-87.922820
1319.483379	-88.499060
1319.493449	-91.527260
1319.503519	-84.530060
1319.513590	-73.605020
1319.523660	-74.372360
1319.533731	-89.904380
1319.543802	-100.006220
1319.553873	-80.073020
1319.563945	-69.688940
1319.574016	-71.029580
1319.584088	-66.945920
1319.594159	-87.643520
1319.604231	-74.589920
1319.614303	-86.914400
1319.624375	-77.938580
1319.634448	-66.131540
1319.644520	-89.025320
1319.654593	-74.178320
1319.664666	-88.402040
1319.674739	-74.090120
1319.684812	-89.269340
1319.694885	-80.766860
1319.704958	-92.691500
1319.715032	-78.482480
1319.725106	-73.178720
1319.735180	-67.501580
1319.745254	-91.688960
1319.755328	-92.938460
1319.765402	-72.137960
1319.775477	-92.656220
1319.785551	-76.841960
1319.795626	-93.770480
1319.805701	-69.547820
1319.815776	-92.773820
1319.825852	-71.502920
1319.835927	-93.749900
1319.846003	-69.100940
1319.856078	-94.049780
1319.866154	-100.006220
1319.876230	-72.731840
1319.886306	-77.130080
1319.896383	-71.017820
1319.906459	-70.338680
1319.916536	-69.574280
1319.926613	-96.645800
1319.936690	-100.006220
1319.946767	-100.006220
1319.956844	-68.815760
1319.966922	-97.266140
1319.976999	-100.006220
1319.987077	-65.205440
1319.997155	-64.329320
1320.007233	-98.227520
1320.017311	-66.660740
1320.027389	-71.303000
1320.037468	-99.435860
1320.047546	-100.006220
1320.057625	-76.677320
1320.067704	-100.006220
1320.077783	-64.414580
1320.087863	-65.258360
1320.097942	-99.315320
1320.108022	-65.352440
1320.118101	-63.397340
1320.128181	-100.006220
1320.138261	-97.739480
1320.148341	-64.470440
1320.158422	-97.642460
1320.168502	-66.737180
1320.178583	-72.058580
1320.188664	-69.318500
1320.198745	-96.269480
1320.208826	-63.244460
1320.218907	-72.032120
1320.228989	-100.006220
1320.239070	-94.861220
1320.249152	-63.444380
1320.259234	-69.897680
1320.269316	-95.387480
1320.279398	-76.039340
1320.289480	-94.117400
1320.299563	-67.184060
1320.309646	-73.078760
1320.319728	-100.006220
1320.329811	-95.510960
1320.339894	-75.433700
1320.349978	-72.446660
1320.360061	-93.373580
1320.370145	-70.632680
1320.380228	-73.851980
1320.390312	-90.683480
1320.400396	-73.831400
1320.410481	-100.006220
1320.420565	-90.016100
1320.430649	-65.046680
1320.440734	-77.103620
1320.450819	-100.006220
1320.460904	-87.258380
1320.470989	-73.313960
1320.481074	-93.297140
1320.491160	-79.823120
1320.501245	-87.270140
1320.511331	-100.006220
1320.521417	-87.179000
1320.531503	-78.511880
1320.541589	-86.605700
1320.551676	-79.390940
1320.561762	-85.215080
1320.571849	-64.279340
1320.581936	-80.666900
1320.592022	-85.094540
1320.602110	-64.646840
1320.612197	-80.084780
1320.622284	-83.465780
1320.632372	-65.343620
1320.642460	-82.410320
1320.652548	-100.006220
1320.662636	-81.357800
1320.672724	-81.357800
1320.682812	-82.328000
1320.692901	-66.622520
1320.702989	-84.874040
1320.713078	-88.913600
1320.723167	-90.762860
1320.733256	-81.960500
1320.743346	-65.531780
1320.753435	-67.533920
1320.763525	-67.933760
1320.773614	-86.273480
1320.783704	-81.710600
1320.793794	-88.113920
1320.803884	-100.006220
1320.813975	-100.006220
1320.824065	-77.274140
1320.834156	-65.243660
1320.844247	-70.803200
1320.854338	-91.021580
1320.864429	-76.839020
1320.874520	-89.104700
1320.884612	-76.809620
1320.894703	-89.922020
1320.904795	-74.713400
1320.914887	-63.241520
1320.924979	-67.328120
1320.935071	-91.968260
1320.945164	-73.293380
1320.955256	-64.005920
1320.965349	-91.697780
1320.975442	-74.395880
1320.985535	-92.782640
1320.995628	-100.006220
1321.005721	-73.072880
1321.015814	-93.608780
1321.025908	-70.820840
1321.036002	-67.989620
1321.046096	-70.147580
1321.056190	-68.698160
1321.066284	-65.481800
1321.076378	-65.828720
1321.086473	-95.919620
1321.096568	-100.006220
1321.106662	-67.322240
1321.116757	-96.736940
1321.126853	-100.006220
1321.136948	-69.497840
1321.147043	-65.037860
1321.157139	-97.898240
1321.167235	-65.596460
1321.177331	-98.571500
1321.187427	-75.801200
1321.197523	-68.295380
1321.207619	-65.940440
1321.217716	-100.006220
1321.227813	-65.217200
1321.237909	-100.006220
1321.248006	-99.003680
1321.258103	-66.625460
1321.268201	-67.113500
1321.278298	-68.742260
1321.288396	-97.957040
1321.298494	-73.072880
1321.308592	-97.030940
1321.318690	-70.238720
1321.328788	-100.006220
1321.338886	-95.772620
1321.348985	-65.164280
1321.359083	-67.630940
1321.369182	-65.081960
1321.379281	-68.777540
1321.389380	-70.003520
1321.399480	-100.006220
1321.409579	-93.303020
1321.419679	-71.779280
1321.429779	-100.006220
1321.439879	-91.647800
1321.449979	-70.747340
1321.460079	-91.247960
1321.470179	-64.226420
1321.480280	-75.113240
1321.490381	-92.132900
1321.500481	-70.047620
1321.510582	-76.956620
1321.520684	-90.968660
1321.530785	-79.217480
1321.540886	-90.195440
1321.550988	-68.627600
1321.561090	-72.984680
1321.571192	-89.780900
1321.581294	-91.818320
1321.591396	-74.675180
1321.601498	-72.461360
1321.611601	-70.782620
1321.621704	-77.541680
1321.631807	-85.808960
1321.641910	-79.923080
1321.652013	-86.714480
1321.662116	-68.645240
1321.672220	-82.442660
1321.682323	-83.586320
1321.692427	-81.087320
1321.702531	-83.377580
1321.712635	-82.698440
1321.722739	-80.978540
1321.732844	-67.833800
1321.742948	-87.276020
1321.753053	-83.054180
1321.763158	-85.567880
1321.773263	-81.939920
1321.783368	-69.856520
1321.793473	-87.728780
1321.803579	-100.006220
1321.813684	-100.006220
1321.823790	-77.632820
1321.833896	-86.067680
1321.844002	-100.006220
1321.854109	-80.358200
1321.864215	-69.971180
1321.874322	-69.580160
1321.884428	-64.758560
1321.894535	-88.402040
1321.904642	-100.006220
1321.914749	-76.018760
1321.924857	-90.410060
1321.934964	-79.208660
1321.945072	-66.510800
1321.955180	-67.325180
1321.965288	-92.356340
1321.975396	-100.006220
1321.985504	-74.195960
1321.995612	-65.828720
1322.005721	-93.111920
1322.015830	-70.479800
1322.025939	-93.444140
1322.036048	-100.006220
1322.046157	-100.006220
1322.056266	-69.915320
1322.066376	-67.610360
1322.076485	-96.166580
1322.086595	-100.006220
1322.096705	-100.006220
1322.106815	-70.738520
1322.116926	-78.673580
1322.127036	-63.379700
1322.137147	-97.736540
1322.147257	-100.006220
1322.157368	-68.683460
1322.167479	-99.353540
1322.177591	-76.603820
1322.187702	-63.744260
1322.197813	-99.638720
1322.207925	-64.258760
1322.218037	-98.889020
1322.228149	-64.638020
1322.238261	-98.215760
1322.248373	-66.719540
1322.258486	-97.442540
1322.268598	-68.418860
1322.278711	-75.698300
1322.288824	-100.006220
1322.298937	-96.122480
1322.309050	-67.098800
1322.319164	-69.268520
1322.329277	-95.349260
1322.339391	-75.842360
1322.349505	-100.006220
1322.359619	-100.006220
1322.369733	-100.006220
1322.379847	-100.006220
1322.389962	-92.432780
1322.400076	-67.339880
1322.410191	-68.289500
1322.420306	-68.912780
1322.430421	-78.182600
1322.440536	-89.983760
1322.450652	-74.948600
1322.460767	-89.957300
1322.470883	-77.227100
1322.480999	-88.125680
1322.491115	-67.154660
1322.501231	-82.630820
1322.511347	-85.653140
1322.521464	-75.566000
1322.531580	-90.057260
1322.541697	-75.821780
1322.551814	-73.901960
1322.561931	-81.598880
1322.572048	-85.735460
1322.582166	-69.356720
1322.592283	-70.276940
1322.602401	-83.412860
1322.612519	-100.006220
1322.622637	-82.898360
1322.632755	-64.535120
1322.642873	-82.380920
1322.652992	-100.006220
1322.663110	-81.628280
1322.673229	-84.691760
1322.683348	-78.341360
1322.693467	-83.662760
1322.703587	-100.006220
1322.713706	-79.467380
1322.723826	-86.655680
1322.733945	-78.820580
1322.744065	-67.292840
1322.754185	-67.733840
1322.764305	-65.849300
1322.774426	-88.422620
1322.784546	-100.006220
1322.794667	-100.006220
1322.804788	-77.638700
1322.814909	-91.186220
1322.825030	-100.006220
1322.835151	-72.658340
1322.845272	-91.136240
1322.855394	-100.006220
1322.865516	-72.149720
1322.875638	-66.828320
1322.885760	-93.497060
1322.895882	-71.408840
1322.906004	-71.250080
1322.916127	-64.182320
1322.926249	-94.770080
1322.936372	-67.807340
1322.946495	-95.566820
1322.956618	-100.006220
1322.966742	-70.556240
1322.976865	-97.389620
1322.986989	-100.006220
1322.997112	-64.982000
1323.007236	-98.145200
1323.017360	-100.006220
1323.027484	-85.212140
1323.037609	-99.856280
1323.047733	-61.700960
1323.057858	-100.006220
1323.067983	-98.833160
1323.078108	-62.483000
1323.088233	-98.442140
1323.098358	-70.906100
1323.108484	-97.977620
1323.118609	-70.691480
1323.128735	-70.967840
1323.138861	-100.006220
1323.148987	-95.114060
1323.159113	-62.547680
1323.169240	-64.899680
1323.179366	-76.815500
1323.189493	-94.108580
1323.199620	-64.879100
1323.209747	-70.767920
1323.219874	-92.576840
1323.230001	-65.440640
1323.240129	-76.121660
1323.250256	-90.080780
1323.260384	-71.023700
1323.270512	-100.006220
1323.280640	-100.006220
1323.290768	-90.574700
1323.300897	-68.789300
1323.311025	-77.965040
1323.321154	-100.006220
1323.331283	-87.252500
1323.341412	-64.173500
1323.351541	-70.212260
1323.361670	-86.599820
1323.371800	-90.683480
1323.381929	-72.140900
1323.392059	-80.252360
1323.402189	-100.006220
1323.412319	-100.006220
1323.422450	-82.439720
1323.432580	-80.943260
1323.442711	-85.218020
1323.452841	-71.402960
1323.462972	-67.889660
1323.473103	-69.562520
1323.483234	-88.460840
1323.493366	-100.006220
1323.503497	-100.006220
1323.513629	-79.784900
1323.523761	-86.640980
1323.533893	-100.006220
1323.544025	-80.237660
1323.554157	-69.530180
1323.564289	-65.061380
1323.574422	-87.631760
1323.584555	-100.006220
1323.594688	-100.006220
1323.604821	-75.239660
1323.614954	-68.733440
1323.625087	-92.241680
1323.635221	-100.006220
1323.645354	-78.926420
1323.655488	-63.808940
1323.665622	-92.288720
1323.675756	-100.006220
1323.685891	-72.214400
1323.696025	-94.243820
1323.706160	-82.798400
1323.716294	-97.139720
1323.726429	-71.917460
1323.736564	-66.213860
1323.746700	-96.607580
1323.756835	-100.006220
1323.766971	-67.542740
1323.777106	-64.829120
1323.787242	-98.248100
1323.797378	-64.120580
1323.807514	-99.265340
1323.817651	-100.006220
1323.827787	-99.674000
1323.837924	-66.698960
1323.848060	-71.217740
1323.858197	-64.255820
1323.868334	-66.372620
1323.878472	-72.320240
1323.888609	-100.006220
1323.898747	-96.093080
1323.908884	-65.575880
1323.919022	-100.006220
1323.929160	-100.006220
1323.939298	-94.005680
1323.949437	-68.874560
1323.959575	-100.006220
1323.969714	-100.006220
1323.979853	-93.629360
1323.989992	-76.624400
1324.000131	-91.159760
1324.010270	-73.466840
1324.020409	-100.006220
1324.030549	-100.006220
1324.040689	-88.684280
1324.050828	-73.963700
1324.060969	-100.006220
1324.071109	-89.275220
1324.081249	-79.805480
1324.091390	-88.981220
1324.101530	-67.401620
1324.111671	-77.697500
1324.121812	-85.661960
1324.131953	-80.061260
1324.142094	-100.006220
1324.152236	-83.468720
1324.162377	-80.525780
1324.172519	-85.620800
1324.182661	-72.167360
1324.192803	-87.140780
1324.202945	-86.188220
1324.213088	-87.784640
1324.223230	-82.489700
1324.233373	-75.901160
1324.243516	-92.250500
1324.253659	-100.006220
1324.263802	-75.627740
1324.273945	-85.218020
1324.284089	-100.006220
1324.294232	-76.706720
1324.304376	-88.178600
1324.314520	-72.961160
1324.324664	-88.075700
1324.334808	-100.006220
1324.344953	-72.626000
1324.355097	-90.119000
1324.365242	-80.093600
1324.375387	-93.979220
1324.385532	-71.314760
1324.395677	-92.650340
1324.405822	-71.541140
1324.415968	-94.032140
1324.426113	-100.006220
1324.436259	-66.734240
1324.446405	-94.917080
1324.456551	-76.442120
1324.466697	-97.327880
1324.476844	-71.314760
1324.486990	-64.523360
1324.497137	-97.857080
1324.507284	-100.006220
1324.517431	-100.006220
1324.527578	-73.369820
1324.537725	-100.006220
1324.547873	-62.788760
1324.558021	-98.983100
1324.568168	-66.187400
1324.578316	-73.851980
1324.588464	-67.927880
1324.598613	-100.006220
1324.608761	-96.254780
1324.618910	-69.994700
1324.629058	-95.219900
1324.639207	-63.806000
1324.649356	-72.925880
1324.659506	-92.976680
1324.669655	-68.759900
1324.679804	-100.006220
1324.689954	-94.079180
1324.700104	-70.985480
1324.710254	-73.293380
1324.720404	-92.856140
1324.730554	-81.204920
1324.740705	-90.007280
1324.750855	-67.054700
1324.761006	-66.449060
1324.771157	-75.965840
1324.781308	-100.006220
1324.791459	-90.580580
1324.801611	-71.444120
1324.811762	-66.255020
1324.821914	-80.123000
1324.832066	-87.405380
1324.842218	-68.251280
1324.852370	-66.019820
1324.862522	-83.295260
1324.872675	-82.386800
1324.882827	-82.739600
1324.892980	-100.006220
1324.903133	-80.793320
1324.913286	-66.740120
1324.923439	-86.585120
1324.933593	-100.006220
1324.943746	-82.633760
1324.953900	-67.134080
1324.964054	-86.955560
1324.974208	-100.006220
1324.984362	-76.868420
1324.994517	-88.954760
1325.004671	-75.530720
1325.014826	-90.216020
1325.024980	-100.006220
1325.035135	-74.281220
1325.045291	-91.315580
1325.055446	-72.743600
1325.065601	-92.570960
1325.075757	-69.471380
1325.085913	-93.135440
1325.096068	-100.006220
1325.106225	-71.338280
1325.116381	-62.876960
1325.126537	-95.866700
1325.136694	-71.476460
1325.146850	-97.471940
1325.157007	-100.006220
1325.167164	-75.219080
1325.177321	-98.962520
1325.187479	-100.006220
1325.197636	-71.417660
1325.207794	-69.456680
1325.217951	-99.380000
1325.228109	-69.903560
1325.238267	-98.065820
1325.248426	-67.601540
1325.258584	-69.824180
1325.268743	-97.227920
1325.278901	-72.290840
1325.289060	-76.618520
1325.299219	-94.578980
1325.309378	-69.968240
1325.319538	-92.947280
1325.329697	-70.276940
1325.339857	-92.318120
1325.350016	-73.096400
1325.360176	-90.671720
1325.370336	-72.376100
1325.380497	-100.006220
1325.390657	-93.311840
1325.400818	-72.326120
1325.410978	-74.231240
1325.421139	-88.190360
1325.431300	-65.861060
1325.441462	-71.094260
1325.451623	-86.690960
1325.461784	-86.699780
1325.471946	-66.040400
1325.482108	-65.234840
1325.492270	-82.113380
1325.502432	-100.006220
1325.512594	-81.334280
1325.522757	-80.952080
1325.532919	-82.513220
1325.543082	-84.530060
1325.553245	-100.006220
1325.563408	-79.267460
1325.573571	-67.254620
1325.583735	-65.208380
1325.593898	-85.626680
1325.604062	-75.851180
1325.614226	-86.796800
1325.624390	-78.203180
1325.634554	-89.919080
1325.644718	-100.006220
1325.654883	-74.766320
1325.665047	-90.542360
1325.675212	-100.006220
1325.685377	-100.006220
1325.695542	-73.190480
1325.705707	-93.129560
1325.715873	-78.488360
1325.726038	-71.035460
1325.736204	-63.270920
1325.746370	-95.067020
1325.756536	-77.994440
1325.766702	-71.826320
1325.776868	-66.316760
1325.787035	-97.613060
1325.797201	-100.006220
1325.807368	-66.363800
1325.817535	-66.860660
1325.827702	-65.378900
1325.837869	-66.357920
1325.848037	-100.006220
1325.858204	-100.006220
1325.868372	-100.006220
1325.878540	-100.006220
1325.888708	-96.781040
1325.898876	-67.683860
1325.909045	-71.720480
1325.919213	-94.684820
1325.929382	-70.562120
1325.939551	-94.814180
1325.949720	-78.147320
1325.959889	-100.006220
1325.970058	-91.089200
1325.980228	-72.135020
1325.990397	-90.216020
1326.000567	-73.899020
1326.010737	-89.927900
1326.020907	-77.162420
1326.031077	-87.890480
1326.041248	-76.139300
1326.051418	-100.006220
1326.061589	-86.993780
1326.071760	-65.772860
1326.081931	-70.168160
1326.092102	-87.484760
1326.102273	-83.953820
1326.112445	-81.860540
1326.122616	-86.050040
1326.132788	-69.844760
1326.142960	-76.577360
1326.153132	-75.066200
1326.163304	-85.579640
1326.173477	-100.006220
1326.183649	-79.238060
1326.193822	-86.629220
1326.203995	-100.006220
1326.214168	-78.650060
1326.224341	-65.772860
1326.234515	-64.696820
1326.244688	-89.357540
1326.254862	-77.515220
1326.265036	-91.571360
1326.275210	-100.006220
1326.285384	-75.912920
1326.295558	-93.350060
1326.305732	-90.906920
1326.315907	-71.288300
1326.326082	-62.909300
1326.336257	-94.690700
1326.346432	-100.006220
1326.356607	-82.501460
1326.366782	-67.845560
1326.376958	-65.958080
1326.387134	-97.959980
1326.397309	-100.006220
1326.407485	-64.932020
1326.417662	-100.006220
1326.427838	-100.006220
1326.438014	-98.994860
1326.448191	-66.313820
1326.458368	-69.677180
1326.468545	-96.813380
1326.478722	-68.421800
1326.488899	-96.016640
1326.499077	-67.286960
1326.509254	-74.966240
1326.519432	-100.006220
1326.529610	-93.279500
1326.539788	-65.702300
1326.549966	-69.539000
1326.560144	-76.392140
1326.570323	-92.206400
1326.580501	-68.069000
1326.590680	-74.157740
1326.600859	-100.006220
1326.611038	-100.006220
1326.621218	-86.414600
1326.631397	-75.539540
1326.641577	-86.249960
1326.651756	-78.844100
1326.661936	-86.399900
1326.672116	-71.056040
1326.682297	-86.743880
1326.692477	-100.006220
1326.702658	-85.038680
1326.712838	-85.335620
1326.723019	-79.917200
1326.733200	-64.346960
1326.743381	-85.462040
1326.753563	-78.470720
1326.763744	-67.298720
1326.773926	-88.540220
1326.784108	-80.020100
1326.794289	-89.389880
1326.804472	-74.898620
1326.814654	-62.441840
1326.824836	-64.149980
1326.835019	-90.542360
1326.845202	-100.006220
1326.855384	-72.955280
1326.865567	-69.383180
1326.875751	-65.449460
1326.885934	-93.555860
1326.896117	-100.006220
1326.906301	-70.712060
1326.916485	-95.919620
1326.926669	-68.765780
1326.936853	-96.883940
1326.947037	-69.953540
1326.957222	-98.715560
1326.967406	-64.979060
1326.977591	-99.644600
1326.987776	-100.006220
1326.997961	-99.388820
1327.008146	-68.853980
1327.018332	-67.169360
1327.028517	-100.006220
1327.038703	-100.006220
1327.048889	-95.896100
1327.059075	-65.467100
1327.069261	-69.565460
1327.079447	-100.006220
1327.089634	-94.093880
1327.099820	-68.739320
1327.110007	-75.518960
1327.120194	-92.024120
1327.130381	-76.377440
1327.140568	-91.127420
1327.150756	-78.879380
1327.160943	-89.866160
1327.171131	-79.094000
1327.181319	-100.006220
1327.191507	-87.517100
1327.201695	-66.131540
1327.211884	-79.485020
1327.222072	-100.006220
1327.232261	-85.682540
1327.242450	-66.290300
1327.252639	-81.331340
1327.262828	-87.572960
1327.273017	-68.915720
1327.283207	-83.336420
1327.293396	-83.994980
1327.303586	-88.490240
1327.313776	-75.998180
1327.323966	-85.444400
1327.334156	-100.006220
1327.344346	-76.362740
1327.354537	-67.231100
1327.364728	-90.527660
1327.374919	-73.749080
1327.385110	-90.524720
1327.395301	-75.395480
1327.405492	-64.987880
1327.415684	-92.853200
1327.425875	-100.006220
1327.436067	-70.512140
1327.446259	-64.420460
1327.456451	-95.725580
1327.466643	-69.074480
1327.476836	-65.572940
1327.487028	-97.595420
1327.497221	-67.575080
1327.507414	-80.622800
1327.517607	-99.818060
1327.527800	-99.665180
1327.537994	-66.966500
1327.548187	-100.006220
1327.558381	-98.039360
1327.568575	-71.497040
1327.578769	-67.877900
1327.588963	-69.444920
1327.599157	-67.704440
1327.609351	-94.914140
1327.619546	-68.551160
1327.629741	-76.486220
1327.639936	-100.006220
1327.650131	-100.006220
1327.660326	-92.224040
1327.670521	-69.380240
1327.680717	-75.321980
1327.690913	-100.006220
1327.701109	-87.887540
1327.711305	-64.782080
1327.721501	-78.626540
1327.731697	-85.923620
1327.741894	-65.972780
1327.752090	-81.528320
1327.762287	-84.527120
1327.772484	-82.507340
1327.782681	-89.157620
1327.792878	-89.378120
1327.803076	-80.913860
1327.813273	-84.094940
1327.823471	-81.284300
1327.833669	-87.093740
1327.843867	-79.958360
1327.854065	-88.175660
1327.864264	-91.471400
1327.874462	-95.804960
1327.884661	-77.671040
1327.894860	-90.754040
1327.905059	-71.641100
1327.915258	-90.806960
1327.925457	-71.494100
1327.935657	-64.902620
1327.945856	-93.773420
1327.956056	-71.993900
1327.966256	-67.998440
1327.976456	-69.212660
1327.986656	-96.634040
1327.996857	-69.239120
1328.007057	-67.057640
1328.017258	-69.909440
1328.027459	-99.406460
1328.037660	-100.006220
1328.047861	-72.426080
1328.058063	-62.694680
1328.068264	-98.465660
1328.078466	-68.848100
1328.088668	-65.087840
1328.098870	-69.012740
1328.109072	-71.156000
1328.119274	-95.907860
1328.129476	-73.061120
1328.139679	-79.849580
1328.149882	-100.006220
1328.160085	-100.006220
1328.170288	-100.006220
1328.180491	-100.006220
1328.190694	-90.701120
1328.200898	-68.033720
1328.211102	-66.169760
1328.221305	-78.550100
1328.231509	-84.841700
1328.241714	-76.062860
1328.251918	-84.318380
1328.262122	-79.091060
1328.272327	-84.559460
1328.282532	-65.402420
1328.292737	-82.172180
1328.302942	-100.006220
1328.313147	-88.043360
1328.323353	-90.433580
1328.333558	-80.616920
1328.343764	-67.201700
1328.353970	-87.884600
1328.364176	-78.194360
1328.374382	-71.147180
1328.384588	-91.809500
1328.394795	-100.006220
1328.405002	-76.045220
1328.415209	-68.268920
1328.425415	-69.568400
1328.435623	-93.673460
1328.445830	-74.134220
1328.456037	-94.896500
1328.466245	-79.111640
1328.476453	-67.610360
1328.486661	-96.325340
1328.496869	-69.641900
1328.507077	-64.946720
1328.517285	-98.597960
1328.527494	-67.478060
1328.537703	-66.651920
1328.547912	-99.315320
1328.558121	-66.798920
1328.568330	-97.501340
1328.578539	-67.075280
1328.588749	-96.828080
1328.598958	-70.171100
1328.609168	-68.795180
1328.619378	-94.205600
1328.629588	-66.452000
1328.639799	-75.398420
1328.650009	-93.353000
1328.660220	-70.268120
1328.670430	-76.533260
1328.680641	-89.016500
1328.690852	-74.731040
1328.701064	-100.006220
1328.711275	-87.237800
1328.721487	-77.388800
1328.731698	-87.179000
1328.741910	-74.407640
1328.752122	-76.524440
1328.762334	-68.268920
1328.772547	-83.753900
1328.782759	-100.006220
1328.792972	-81.110840
1328.803185	-68.630540
1328.813397	-88.019840
1328.823611	-82.225100
1328.833824	-88.252100
1328.844037	-100.006220
1328.854251	-75.389600
1328.864465	-87.887540
1328.874678	-80.625740
1328.884893	-66.719540
1328.895107	-63.073940
1328.905321	-91.392020
1328.915536	-80.369960
1328.925750	-95.222840
1328.935965	-73.231640
1328.946180	-95.166980
1328.956395	-100.006220
1328.966611	-66.966500
1328.976826	-96.666380
1328.987042	-71.182460
1328.997258	-98.474480
1329.007473	-100.006220
1329.017690	-69.042140
1329.027906	-65.155460
1329.038122	-98.439200
1329.048339	-63.561980
1329.058555	-97.016240
1329.068772	-66.725420
1329.078989	-100.006220
1329.089207	-95.017040
1329.099424	-72.390800
1329.109641	-100.006220
1329.119859	-93.376520
1329.130077	-71.361800
1329.140295	-74.284160
1329.150513	-69.794780
1329.160731	-69.853580
1329.170950	-68.953940
1329.181168	-75.039740
1329.191387	-71.547020
1329.201606	-78.026780
1329.211825	-100.006220
1329.222044	-87.449480
1329.232264	-84.239000
1329.242483	-85.459100
1329.252703	-84.853460
1329.262923	-87.087860
1329.273143	-88.828340
1329.283363	-87.417140
1329.293584	-90.789320
1329.303804	-77.868020
1329.314025	-86.579240
1329.324245	-79.643780
1329.334466	-89.825000
1329.344688	-100.006220
1329.354909	-73.946060
1329.365130	-90.595280
1329.375352	-71.773400
1329.385574	-92.206400
1329.395796	-100.006220
1329.406018	-72.464300
1329.416240	-95.361020
1329.426462	-68.168960
1329.436685	-96.345920
1329.446907	-71.144240
1329.457130	-98.124620
1329.467353	-66.643100
1329.477576	-67.666220
1329.487800	-100.006220
1329.498023	-99.253580
1329.508247	-74.601680
1329.518471	-71.297120
1329.528695	-100.006220
1329.538919	-95.537420
1329.549143	-68.342420
1329.559367	-94.096820
1329.569592	-71.841020
1329.579817	-100.006220
1329.590042	-100.006220
1329.600267	-100.006220
1329.610492	-89.863220
1329.620717	-74.645780
1329.630943	-89.751500
1329.641169	-79.176320
1329.651394	-88.710740
1329.661620	-66.990020
1329.671847	-78.597140
1329.682073	-100.006220
1329.692299	-81.986960
1329.702526	-79.637900
1329.712753	-81.972260
1329.722980	-65.708180
1329.733207	-71.720480
1329.743434	-89.407520
1329.753661	-100.006220
1329.763889	-80.843300
1329.774117	-66.798920
1329.784345	-88.622540
1329.794573	-79.843700
1329.804801	-77.529920
1329.815029	-70.926680
1329.825258	-68.724620
1329.835486	-93.208940
1329.845715	-100.006220
1329.855944	-72.602480
1329.866173	-64.100000
1329.876403	-95.281640
1329.886632	-100.006220
1329.896862	-100.006220
1329.907092	-88.769540
1329.917321	-66.657800
1329.927552	-64.999640
1329.937782	-99.915080
1329.948012	-90.121940
1329.958243	-64.755620
1329.968473	-100.006220
1329.978704	-97.827680
1329.988935	-77.194760
1329.999167	-74.219480
